-185.44 -134.69 25.81 0
-179.93 -128.29 -13.95 0
-184.59 -121.75 27.54 0
-180.30 -133.92 16.31 0
-193.63 -131.72 18.62 0
-187.83 -123.97 -26.06 0
-186.87 -131.50 6.44 0
-187.66 -124.15 -29.79 0
-195.47 -136.16 6.14 0
-198.86 -125.16 22.16 0
-187.57 -128.34 1.88 0
-189.61 -131.67 -39.40 0
-192.05 -132.40 25.95 0
-188.90 -131.03 8.28 0
-189.47 -129.42 -16.20 0
-183.36 -128.13 -9.18 0
-186.35 -124.69 -25.69 0
-182.64 -131.23 -23.30 0
-183.92 -127.76 -14.11 0
-195.25 -127.02 2.62 0
-198.35 -129.41 -16.54 0
-193.12 -135.73 30.93 0
-187.19 -120.77 30.03 0
-184.33 -128.03 -17.65 0
-181.72 -129.26 -4.53 0
-185.91 -122.41 41.08 0
-181.68 -130.13 9.41 0
-192.27 -127.57 29.19 0
-186.52 -133.61 10.94 0
-185.22 -123.63 39.18 0
-186.15 -136.69 -8.94 0
-180.40 -131.28 -6.97 0
-186.41 -126.23 21.88 0
-185.42 -129.80 49.63 0
-187.99 -127.79 -2.20 0
-186.89 -139.44 33.87 0
-192.49 -130.63 -25.86 0
-187.38 -133.24 9.40 0
-186.86 -119.94 0.27 0
-182.56 -132.50 -22.48 0
-188.50 -125.76 -23.15 0
-189.12 -143.11 8.28 0
-189.88 -119.96 5.52 0
-193.10 -126.15 -5.76 0
-189.07 -133.34 5.78 0
-180.57 -118.24 22.17 0
-179.50 -124.69 1.35 0
-193.23 -126.25 19.47 0
-187.69 -135.54 -12.36 0
-191.30 -133.19 18.16 0
-198.59 -127.07 13.34 0
-187.46 -135.96 -5.44 0
-185.00 -133.67 -15.70 0
-194.88 -124.92 -0.07 0
-183.92 -126.01 -5.29 0
-179.37 -129.24 13.56 0
-184.39 -125.38 5.25 0
-188.00 -139.31 -20.00 0
-191.19 -132.69 -0.93 0
-194.39 -130.21 -10.12 0
-193.79 -131.93 -14.31 0
-187.40 -124.63 0.83 0
-185.10 -125.78 -30.14 0
-191.17 -129.95 -12.33 0
-190.62 -133.30 0.23 0
-190.59 -123.33 11.38 0
-191.41 -126.76 -35.80 0
-190.55 -128.61 10.20 0
-188.82 -128.55 -20.83 0
-180.06 -127.15 37.18 0
-178.74 -121.98 3.54 0
-187.96 -132.64 -20.73 0
-184.92 -123.81 -5.76 0
-190.40 -128.28 20.84 0
-188.83 -124.52 0.90 0
-194.61 -131.30 19.97 0
-195.16 -121.10 -14.35 0
-186.74 -131.12 0.52 0
-189.06 -127.98 -22.65 0
-185.16 -126.87 -1.67 0
-183.82 -129.77 -12.55 0
-184.55 -135.29 -16.01 0
-184.71 -135.68 31.88 0
-191.71 -132.01 -4.97 0
-184.16 -131.43 -49.09 0
-186.83 -131.45 16.33 0
-192.34 -134.16 23.53 0
-184.11 -129.49 20.51 0
-188.78 -132.59 17.25 0
-183.80 -125.92 -10.94 0
-187.93 -126.22 -22.19 0
-185.14 -125.33 -11.68 0
-180.04 -129.93 6.28 0
-183.15 -120.85 8.79 0
-191.70 -135.37 -19.18 0
-193.97 -129.95 -13.17 0
-186.93 -132.85 -38.25 0
-178.01 -127.40 22.43 0
-195.31 -130.78 15.74 0
-185.24 -134.60 42.98 0
-187.13 -127.30 10.33 0
-182.45 -123.60 23.51 0
-194.30 -126.05 -8.37 0
-185.02 -130.71 -7.52 0
-188.05 -127.47 13.72 0
-190.74 -141.34 20.99 0
-192.02 -123.62 19.74 0
-189.51 -139.80 -4.33 0
-187.76 -119.04 32.10 0
-182.33 -127.10 -4.11 0
-188.06 -129.18 -1.98 0
-193.37 -121.72 -21.76 0
-189.11 -124.95 19.27 0
-184.49 -128.04 -32.99 0
-193.49 -134.00 -30.98 0
-188.41 -123.33 18.58 0
-188.21 -126.16 11.59 0
-187.94 -127.14 10.31 0
-190.23 -130.71 2.15 0
-190.70 -128.53 3.26 0
-195.70 -125.61 6.10 0
-191.37 -119.79 6.53 0
-193.02 -130.25 16.37 0
-185.83 -131.27 54.58 0
-183.98 -131.86 2.13 0
-186.35 -129.57 32.36 0
-193.49 -136.10 39.85 0
-189.28 -121.29 11.38 0
-189.34 -111.03 -6.63 0
-193.40 -125.54 -4.72 0
-184.98 -130.37 -11.91 0
-191.58 -133.50 23.99 0
-178.86 -136.20 -5.73 0
-200.13 -131.77 28.16 0
-193.12 -126.02 -31.48 0
-194.89 -125.28 17.92 0
-190.98 -125.44 -8.05 0
-193.33 -127.27 18.38 0
-189.00 -120.07 -28.94 0
-182.33 -122.38 2.79 0
-193.00 -125.56 -1.85 0
-185.92 -120.35 -12.90 0
-184.50 -123.39 18.90 0
-194.37 -128.81 8.57 0
-184.57 -125.07 4.25 0
-183.99 -132.89 17.99 0
-193.60 -123.17 19.24 0
-183.70 -126.79 -6.63 0
-187.65 -132.56 -31.38 0
-190.40 -123.71 -19.57 0
-187.96 -130.37 0.80 0
-188.29 -137.08 6.11 0
-195.54 -138.72 -31.73 0
-194.33 -126.98 16.67 0
-194.60 -133.72 13.72 0
-193.98 -124.33 8.15 0
-174.33 -125.02 1.37 0
-187.63 -131.12 -8.62 0
-189.06 -132.11 28.28 0
-193.73 -139.31 -4.80 0
-189.30 -122.02 -4.66 0
-182.86 -139.37 -0.69 0
-179.67 -125.34 -23.23 0
-183.22 -132.79 7.59 0
-189.65 -138.64 3.77 0
-190.45 -124.58 -23.86 0
-189.22 -127.07 5.67 0
-200.83 -120.24 -3.07 0
-184.54 -133.55 0.33 0
-186.23 -134.35 -30.68 0
-194.76 -131.01 6.19 0
-191.55 -126.83 -40.83 0
-192.16 -120.65 31.40 0
-186.77 -132.81 -4.04 0
-187.65 -136.44 -11.00 0
-184.85 -124.28 -9.15 0
-192.22 -133.35 21.33 0
-183.90 -125.23 9.40 0
-196.10 -126.37 9.03 0
-183.89 -135.56 3.82 0
-192.97 -116.48 -17.86 0
-186.81 -125.61 -12.59 0
-186.13 -125.18 -1.38 0
-189.75 -141.87 34.78 0
-187.60 -122.01 19.46 0
-183.88 -134.98 -4.46 0
-186.38 -121.47 -48.33 0
-195.07 -131.08 -34.82 0
-191.77 -122.02 32.18 0
-183.25 -134.42 -17.71 0
-182.18 -133.66 17.27 0
-191.03 -124.44 -16.05 0
-181.10 -127.94 22.31 0
-186.56 -132.60 10.57 0
-189.11 -126.28 11.03 0
-188.18 -122.75 23.12 0
-193.48 -130.88 17.13 0
-182.10 -127.51 0.24 0
-195.52 -120.41 -11.25 0
-181.29 -127.65 -33.75 0
-184.57 -129.48 17.72 0
-189.88 -128.37 12.12 0
-186.93 -133.71 0.14 0
-186.00 -131.55 -4.49 0
-187.26 -129.99 -6.70 0
-184.43 -127.24 20.78 0
-189.47 -124.75 -0.50 0
-185.01 -127.31 -9.98 0
-184.36 -127.41 7.76 0
-189.33 -123.05 11.19 0
-180.48 -129.66 15.95 0
-191.53 -128.98 -27.25 0
-178.18 -133.24 4.17 0
-191.64 -123.79 -10.97 0
-191.04 -120.24 -40.26 0
-188.45 -134.07 -6.10 0
-195.73 -141.42 -26.19 0
-188.09 -126.20 23.08 0
-191.00 -136.31 -2.99 0
-192.28 -131.48 -12.30 0
-187.84 -126.62 4.40 0
-188.27 -125.16 5.69 0
-182.04 -130.44 19.54 0
-187.80 -131.16 18.03 0
-183.58 -122.59 6.79 0
-187.63 -120.22 19.48 0
-189.99 -133.61 -30.07 0
-193.76 -129.52 7.50 0
-182.85 -124.84 14.59 0
-191.63 -135.23 24.39 0
-187.89 -131.74 -10.85 0
-185.72 -126.17 -15.79 0
-181.37 -129.61 19.06 0
-193.20 -119.05 -10.86 0
-188.71 -128.97 -12.57 0
-191.44 -129.09 4.11 0
-184.47 -129.75 50.10 0
-189.89 -127.87 -3.35 0
-196.59 -121.93 -21.42 0
-186.54 -138.29 -35.55 0
-198.84 -126.01 6.46 0
-200.22 -130.69 -16.82 0
-188.18 -118.90 -28.39 0
-193.96 -124.04 9.46 0
-187.98 -119.68 -18.58 0
-192.61 -119.81 24.93 0
-193.26 -134.66 -0.76 0
-188.97 -132.28 9.51 0
-190.84 -126.24 10.91 0
-190.88 -122.94 22.95 0
-185.58 -128.31 0.85 0
-181.47 -127.20 1.78 0
-191.50 -134.29 -31.93 0
-183.16 -127.15 3.88 0
-188.82 -132.91 -22.87 0
-183.99 -128.12 -39.96 0
-177.89 -123.34 10.90 0
-182.11 -122.93 -4.72 0
-184.94 -130.46 22.95 0
-188.53 -121.05 13.25 0
-196.97 -130.59 -15.69 0
-181.68 -124.20 -21.36 0
-189.10 -136.83 -30.01 0
-185.49 -129.01 30.82 0
-190.96 -128.79 -8.34 0
-185.02 -117.55 23.43 0
-180.50 -130.04 -3.89 0
-189.83 -138.80 10.94 0
-180.62 -135.89 -30.75 0
-186.60 -121.97 1.76 0
-180.54 -126.82 13.45 0
-182.59 -131.12 8.28 0
-185.75 -133.35 -15.16 0
-183.65 -128.92 2.74 0
-190.89 -131.76 -9.32 0
-190.22 -122.03 17.64 0
-190.58 -124.31 35.55 0
-195.78 -128.83 -14.03 0
-188.74 -128.35 20.46 0
-181.24 -122.24 10.31 0
-182.74 -125.07 -55.13 0
-190.13 -133.07 -22.33 0
-183.08 -139.52 -0.19 0
-192.09 -122.17 -8.81 0
-185.68 -129.27 13.36 0
-188.13 -119.57 -24.17 0
-189.49 -128.65 31.14 0
-186.78 -131.38 31.60 0
-194.93 -122.77 -12.21 0
-182.67 -128.82 -14.37 0
-191.92 -129.15 -24.72 0
-192.95 -134.32 -15.12 0
-185.44 -132.47 -6.51 0
-179.07 -124.59 44.44 0
-192.79 -124.05 -29.88 0
-186.87 -129.58 -0.07 0
-185.38 -130.76 3.45 0
-190.80 -122.25 -34.51 0
-188.92 -124.04 -5.41 0
-192.42 -139.70 -26.11 0
-187.98 -128.04 -0.18 0
-195.27 -125.86 26.04 0
-197.53 -127.04 5.89 0
-193.52 -122.03 14.17 0
-191.22 -134.98 1.79 0
-182.66 -128.44 -32.69 0
-185.40 -131.47 5.55 0
-189.50 -124.48 12.10 0
-188.68 -121.01 -19.09 0
-185.37 -126.91 33.69 0
-184.37 -125.50 -12.04 0
-191.70 -124.74 6.54 0
-181.87 -132.32 14.18 0
-186.23 -119.74 -14.51 0
-188.30 -133.42 -43.08 0
-191.92 -138.10 -5.92 0
-184.92 -135.87 6.31 0
-197.31 -126.36 -1.01 0
-182.43 -130.94 0.86 0
-197.20 -119.14 3.91 0
-195.71 -122.29 -8.09 0
-185.47 -129.11 -34.02 0
-191.40 -132.02 -24.69 0
-192.89 -127.78 -14.21 0
-187.52 -131.01 18.36 0
-193.91 -126.01 20.04 0
-184.12 -132.74 -8.83 0
-185.72 -127.55 35.43 0
-191.32 -121.58 -21.25 0
-191.56 -127.75 -14.58 0
-179.44 -122.81 12.57 0
-182.07 -131.95 -11.78 0
-186.65 -133.84 -0.25 0
-182.36 -140.04 7.88 0
-183.49 -127.72 17.64 0
-185.45 -129.23 10.63 0
-183.90 -132.08 1.83 0
-180.03 -130.82 -0.07 0
-188.02 -129.39 14.99 0
-188.73 -128.43 7.25 0
-189.31 -125.58 -2.74 0
-193.21 -127.25 -2.12 0
-185.62 -131.53 -2.77 0
-196.64 -126.44 -9.51 0
-195.24 -129.79 39.50 0
-197.10 -133.44 -17.92 0
-196.02 -122.61 -33.16 0
-192.72 -128.09 -17.30 0
-192.37 -118.49 -0.39 0
-189.32 -133.78 2.11 0
-190.37 -129.24 -22.42 0
-189.37 -125.37 16.79 0
-199.40 -126.64 -1.15 0
-190.13 -125.72 17.98 0
-190.84 -126.85 -14.63 0
-183.99 -126.77 -21.47 0
-195.30 -124.91 -11.59 0
-189.90 -132.27 5.36 0
-187.51 -130.30 0.36 0
-181.43 -118.67 -0.70 0
-191.99 -124.67 -25.59 0
-195.96 -130.79 -4.29 0
-191.76 -137.24 -10.61 0
-186.94 -133.84 1.57 0
-187.21 -132.94 23.38 0
-196.05 -128.51 -14.81 0
-191.59 -120.10 29.59 0
-182.97 -122.38 11.18 0
-192.20 -122.42 25.67 0
-181.42 -130.53 -2.32 0
-185.97 -128.57 8.19 0
-183.74 -114.42 22.46 0
-189.72 -121.91 11.04 0
-190.22 -129.97 -24.73 0
-187.72 -140.48 -17.20 0
-189.95 -121.40 5.12 0
-192.04 -137.13 4.85 0
-193.40 -126.37 15.37 0
-193.67 -127.84 -8.71 0
-189.81 -126.14 21.02 0
-189.85 -126.31 -45.16 0
-188.97 -116.75 -0.01 0
-191.25 -120.02 -1.31 0
-195.36 -127.46 11.07 0
-197.78 -129.77 35.56 0
-189.38 -133.45 31.52 0
-181.65 -124.90 2.40 0
-193.35 -133.68 15.77 0
-193.44 -127.14 -14.19 0
-192.52 -127.03 -7.67 0
-184.74 -119.69 32.76 0
-185.61 -133.50 27.42 0
-186.40 -128.61 -2.29 0
-183.86 -124.34 -34.79 0
-184.93 -122.69 -42.30 0
-192.84 -130.14 -10.01 0
-190.10 -127.03 19.93 0
-188.05 -129.72 -8.35 0
-195.00 -136.62 -51.87 0
-194.85 -123.30 -4.17 0
-186.82 -125.80 11.63 0
-198.44 -131.73 22.33 0
-192.76 -133.56 7.00 0
-194.78 -129.53 -15.03 0
-182.41 -126.41 -0.77 0
-196.87 -132.80 -8.01 0
-190.26 -127.54 -3.83 0
-184.53 -126.82 -20.90 0
-187.96 -137.52 -12.64 0
-195.52 -122.91 17.11 0
-188.10 -127.36 -34.72 0
-193.98 -116.99 -5.68 0
-202.15 -123.55 -2.21 0
-182.72 -125.10 33.15 0
-183.30 -125.99 -32.05 0
-187.38 -128.90 -8.08 0
-182.30 -123.80 24.85 0
-190.64 -130.50 18.77 0
-188.60 -128.60 -11.96 0
-187.78 -118.98 -7.45 0
-185.04 -141.64 43.86 0
-181.64 -133.01 -37.60 0
-189.11 -134.56 4.20 0
-185.00 -122.98 20.01 0
-183.05 -130.25 -38.86 0
-193.99 -120.40 -4.65 0
-186.39 -128.80 -3.70 0
-183.94 -125.28 9.09 0
-190.60 -132.52 3.02 0
-182.69 -130.80 -30.11 0
-183.83 -127.35 21.98 0
-188.09 -123.72 30.43 0
-196.30 -133.85 29.07 0
-190.94 -131.41 0.71 0
-183.34 -134.98 16.05 0
-184.73 -126.49 34.87 0
-190.65 -118.62 -1.38 0
-181.67 -129.60 21.83 0
-185.87 -130.07 21.17 0
-195.66 -131.60 -5.23 0
-183.60 -128.73 -10.22 0
-189.60 -128.04 -1.65 0
-192.96 -124.21 -9.88 0
-182.21 -129.73 -25.97 0
-187.77 -123.93 -26.65 0
-180.30 -135.41 -24.49 0
-197.23 -129.39 -13.16 0
-192.16 -133.94 -29.54 0
-184.09 -128.86 29.30 0
-198.92 -129.07 12.33 0
-183.05 -122.58 40.61 0
-191.10 -137.29 22.90 0
-188.47 -130.64 -14.76 0
-191.76 -127.68 20.27 0
-188.16 -126.59 22.15 0
-188.16 -125.72 -1.28 0
-188.60 -124.83 18.58 0
-186.12 -131.65 11.91 0
-185.48 -125.96 -9.68 0
-180.93 -126.03 35.69 0
-190.07 -131.59 -2.79 0
-188.08 -129.32 14.93 0
-196.09 -127.31 -22.75 0
-195.15 -126.09 -13.50 0
-187.47 -124.66 4.68 0
-196.06 -124.97 5.33 0
-191.09 -127.61 1.97 0
-193.46 -121.54 44.60 0
-190.89 -125.64 13.13 0
-185.20 -134.44 -31.18 0
-184.14 -121.06 -17.58 0
-182.44 -129.62 -25.65 0
-197.42 -122.12 -7.97 0
-186.30 -129.97 5.25 0
-186.57 -129.90 39.66 0
-177.98 -125.63 -31.40 0
-186.32 -121.60 5.10 0
-190.59 -135.24 13.88 0
-184.11 -135.14 -33.55 0
-186.88 -130.39 18.58 0
-180.58 -131.70 -48.01 0
-188.38 -122.60 49.60 0
-185.57 -130.55 -4.33 0
-189.38 -128.68 12.98 0
-191.27 -117.85 -11.81 0
-188.81 -119.32 -8.72 0
-185.53 -124.72 -23.98 0
-179.84 -131.00 -56.26 0
-192.31 -127.80 -17.62 0
-196.78 -128.38 9.07 0
-189.07 -129.42 -7.23 0
-187.23 -124.92 16.88 0
-176.92 -124.43 -20.32 0
-182.30 -129.47 0.61 0
-181.48 -130.26 -33.78 0
-184.62 -121.92 13.35 0
-183.00 -122.33 0.29 0
-200.27 -124.89 -1.78 0
-178.20 -124.85 -10.01 0
-191.43 -133.54 5.95 0
-182.86 -121.68 -15.96 0
-184.59 -125.30 -10.90 0
-197.26 -130.40 9.80 0
-200.28 -131.89 -10.18 0
-183.31 -121.76 -13.57 0
-193.05 -125.20 2.32 0
-188.87 -128.85 28.21 0
-190.86 -126.46 39.07 0
-185.90 -129.95 14.65 0
-196.11 -128.38 -15.73 0
-194.66 -143.47 -8.73 0
-183.30 -125.04 -4.53 0
-189.27 -127.31 27.16 0
-189.70 -125.45 19.67 0
-190.55 -127.50 -14.39 0
-202.23 -130.49 -28.38 0
-196.71 -120.83 -6.41 0
-186.44 -124.34 -7.22 0
-186.96 -130.31 23.68 0
-193.20 -125.84 9.67 0
-191.37 -131.41 -4.18 0
-187.00 -131.03 -10.00 0
-182.63 -122.47 -4.47 0
-179.45 -133.60 -7.62 0
-191.16 -126.13 -18.44 0
-189.79 -128.08 33.95 0
-186.02 -131.86 9.77 0
-183.56 -124.51 -10.09 0
-190.96 -124.36 -18.34 0
-197.18 -127.81 20.38 0
-191.74 -129.92 -7.69 0
-192.48 -130.71 1.39 0
-179.93 -133.94 -6.73 0
-196.20 -122.68 -4.51 0
-183.40 -129.08 -11.17 0
-185.74 -126.01 -4.29 0
-193.62 -119.31 -14.36 0
-193.03 -129.87 29.43 0
-185.00 -131.77 -4.81 0
-183.62 -136.26 12.43 0
-188.90 -126.30 -10.03 0
-191.61 -123.91 -13.17 0
-188.25 -133.12 -4.62 0
-182.20 -115.48 2.50 0
-183.40 -130.03 -37.55 0
-190.56 -128.35 -2.94 0
-191.98 -128.12 22.26 0
-194.31 -128.63 8.79 0
-185.02 -130.60 3.93 0
-190.25 -130.10 -13.14 0
-191.29 -122.08 -8.88 0
-186.96 -119.14 0.73 0
-186.78 -119.10 1.55 0
-190.63 -128.38 29.95 0
-186.49 -133.49 24.72 0
-194.22 -122.84 -2.16 0
-196.67 -132.88 -18.84 0
-196.60 -123.44 -11.77 0
-179.20 -115.98 10.96 0
-196.23 -123.38 -21.29 0
-189.44 -128.21 -10.80 0
-178.41 -129.05 -14.24 0
-187.26 -140.31 -8.16 0
-185.77 -131.64 6.59 0
-195.52 -124.47 -13.73 0
-185.56 -127.48 -12.34 0
-193.11 -117.17 10.94 0
-192.37 -127.73 37.23 0
-186.46 -125.86 1.66 0
-192.35 -131.07 -1.39 0
-191.57 -130.02 -13.48 0
-185.49 -132.86 23.78 0
-189.12 -136.71 -5.56 0
-187.21 -134.85 18.38 0
-181.42 -121.85 12.40 0
-191.48 -133.14 -7.41 0
-182.72 -130.58 -29.32 0
-188.73 -133.88 -16.62 0
-185.88 -126.28 -24.51 0
-190.07 -128.31 -12.05 0
-186.73 -131.49 -37.90 0
-187.54 -122.33 23.40 0
-186.51 -126.25 18.29 0
-180.06 -130.12 -25.18 0
-193.06 -140.44 -32.83 0
-190.72 -132.56 -23.09 0
-182.13 -127.36 -16.79 0
-184.76 -122.25 12.62 0
-196.23 -124.88 38.06 0
-197.62 -129.07 -8.94 0
-187.15 -132.42 15.46 0
-192.99 -130.79 4.98 0
-183.59 -127.70 6.62 0
-186.07 -133.08 19.48 0
-192.91 -127.51 -19.06 0
-182.43 -123.76 -8.27 0
-192.97 -133.21 -13.77 0
-193.21 -129.19 14.17 0
-194.96 -125.88 33.01 0
-191.22 -133.68 1.98 0
-182.77 -126.22 5.73 0
-196.59 -118.52 -1.61 0
-185.59 -130.87 1.74 0
-188.59 -131.93 41.09 0
-180.47 -135.05 -21.64 0
-185.50 -132.40 -8.25 0
-187.16 -124.77 -8.06 0
-183.77 -121.67 21.52 0
-198.11 -124.06 7.34 0
-186.42 -133.12 12.23 0
-189.64 -126.80 -3.54 0
-194.58 -124.33 5.80 0
-182.50 -128.75 -31.22 0
-184.64 -131.72 4.75 0
-197.36 -125.10 -33.93 0
-186.91 -132.22 2.76 0
-185.48 -125.98 11.03 0
-193.09 -129.89 31.61 0
-188.80 -132.38 -25.09 0
-190.09 -135.61 -12.32 0
-186.72 -127.82 2.00 0
-189.83 -123.44 -6.38 0
-185.73 -130.25 -24.67 0
-186.94 -133.98 -12.13 0
-185.81 -126.61 -11.93 0
-190.20 -129.75 -13.15 0
-193.33 -132.83 -7.99 0
-185.14 -134.15 13.35 0
-190.87 -126.70 -30.78 0
-183.38 -138.26 -45.00 0
-184.91 -123.69 -28.12 0
-190.02 -123.38 -12.07 0
-193.80 -131.92 -12.66 0
-188.80 -120.03 -55.62 0
-186.48 -130.13 8.47 0
-189.84 -123.90 8.63 0
-200.39 -130.72 0.26 0
-195.42 -119.68 32.77 0
-182.17 -125.09 29.68 0
-183.61 -128.07 -12.94 0
-188.51 -134.37 -1.88 0
-190.96 -135.45 -53.42 0
-190.88 -134.44 -19.52 0
-193.22 -125.03 -44.14 0
-186.89 -125.62 -11.78 0
-191.41 -128.12 12.24 0
-183.48 -139.27 -14.86 0
-190.18 -127.07 7.10 0
-191.83 -131.74 -4.83 0
-194.66 -128.78 -6.89 0
-190.40 -130.72 7.86 0
-184.43 -125.96 2.60 0
-191.14 -135.33 30.92 0
-182.12 -126.74 12.69 0
-191.53 -133.08 -2.31 0
-186.01 -131.33 -17.89 0
-186.62 -132.51 -43.87 0
-191.35 -138.33 11.91 0
-188.12 -130.34 24.80 0
-184.63 -126.58 55.08 0
-186.99 -121.63 11.19 0
-192.25 -122.27 1.35 0
-183.02 -124.86 -6.30 0
-195.80 -127.43 -47.22 0
-187.82 -127.63 10.77 0
-189.79 -128.15 23.37 0
-186.15 -117.51 -13.26 0
-196.58 -125.97 5.70 0
-192.36 -129.87 -3.01 0
-184.03 -139.68 7.34 0
-194.89 -128.48 5.57 0
-186.84 -117.67 -12.19 0
-191.27 -121.04 -32.26 0
-198.92 -136.77 3.10 0
-197.28 -124.11 -1.67 0
-190.83 -125.20 8.47 0
-193.65 -129.84 -19.10 0
-194.83 -132.94 14.60 0
-192.45 -130.75 -23.22 0
-181.16 -128.47 8.91 0
-188.15 -121.13 7.83 0
-186.59 -132.08 -7.84 0
-193.98 -124.62 12.21 0
-179.88 -127.12 3.06 0
-182.69 -127.35 -6.49 0
-189.32 -125.61 10.36 0
-189.04 -117.62 -9.97 0
-194.61 -127.84 11.29 0
-184.26 -121.47 -19.63 0
-183.00 -123.34 8.99 0
-194.98 -128.67 19.22 0
-193.17 -121.63 10.97 0
-190.96 -130.44 20.68 0
-194.09 -133.63 -6.99 0
-184.50 -129.73 12.79 0
-191.89 -127.77 17.92 0
-184.13 -129.47 -14.58 0
-195.53 -128.13 -15.19 0
-190.41 -125.72 -4.40 0
-191.13 -125.07 -14.10 0
-190.88 -132.83 -9.97 0
-192.06 -131.65 -32.73 0
-185.26 -118.08 5.32 0
-193.95 -131.85 -9.15 0
-177.80 -126.57 9.25 0
-184.07 -123.12 -1.55 0
-193.37 -130.24 2.61 0
-187.72 -124.73 -7.77 0
-190.09 -129.83 -2.84 0
-195.20 -125.42 -7.55 0
-192.47 -124.24 17.10 0
-189.18 -128.05 4.47 0
-194.48 -124.46 2.73 0
-190.96 -123.58 -2.53 0
-182.20 -128.21 -21.34 0
-178.14 -128.62 -25.89 0
-196.36 -120.94 -21.63 0
-187.90 -128.79 24.75 0
-187.86 -122.93 -13.67 0
-187.40 -121.99 -15.22 0
-192.96 -129.13 12.84 0
-194.25 -144.36 13.58 0
-187.37 -132.28 21.99 0
-196.47 -131.25 1.39 0
-195.19 -120.01 -4.23 0
-198.63 -135.59 -12.23 0
-185.83 -131.87 10.84 0
-180.94 -130.04 -13.59 0
-196.55 -130.43 -27.10 0
-191.33 -122.59 17.02 0
-187.12 -128.80 8.56 0
-191.47 -130.29 10.22 0
-191.93 -123.38 13.67 0
-192.81 -122.85 11.09 0
-193.61 -138.08 -1.81 0
-182.61 -125.46 20.30 0
-190.14 -134.54 11.09 0
-196.21 -124.34 -14.95 0
-202.29 -126.32 10.61 0
-187.35 -122.06 9.47 0
-193.60 -137.79 15.18 0
-183.68 -121.01 13.28 0
-185.85 -130.87 -5.69 0
-186.84 -126.99 37.51 0
-190.77 -124.32 7.20 0
-190.05 -128.48 -5.09 0
-191.53 -126.19 41.83 0
-182.85 -121.71 -38.49 0
-191.04 -129.88 -20.84 0
-187.60 -132.56 18.62 0
-182.79 -136.01 35.79 0
-190.19 -128.20 -2.78 0
-187.36 -137.08 -8.48 0
-182.92 -121.82 -9.36 0
-189.10 -134.22 8.47 0
-196.00 -130.31 29.85 0
-179.24 -133.65 38.19 0
-193.87 -121.47 -3.04 0
-189.58 -130.07 -7.71 0
-194.13 -124.14 33.31 0
-186.17 -132.33 -10.10 0
-179.36 -130.91 -9.05 0
-190.39 -122.75 14.48 0
-192.38 -133.20 7.90 0
-188.31 -134.36 -21.61 0
-186.44 -118.94 11.58 0
-193.79 -122.01 4.34 0
-192.59 -133.00 7.39 0
-188.76 -126.08 -13.74 0
-184.26 -126.81 29.77 0
-183.45 -124.15 -1.05 0
-179.82 -125.79 -22.13 0
-180.46 -121.97 -31.33 0
-188.61 -130.28 44.21 0
-182.39 -139.61 -33.32 0
-192.29 -119.95 3.03 0
-194.48 -131.16 -14.99 0
-188.01 -124.49 21.85 0
-188.52 -132.63 26.00 0
-188.68 -128.50 21.42 0
-195.79 -134.66 -45.05 0
-197.92 -126.25 -7.92 0
-186.95 -133.33 2.14 0
-194.05 -129.03 36.69 0
-195.83 -127.70 21.90 0
-186.16 -125.89 -9.43 0
-184.62 -119.76 12.82 0
-195.46 -131.08 0.77 0
-181.78 -134.74 2.81 0
-189.35 -125.11 -17.51 0
-187.35 -126.04 -48.17 0
-199.26 -140.17 4.17 0
-189.02 -134.28 -12.64 0
-189.94 -129.37 15.14 0
-181.44 -131.42 8.53 0
-183.26 -128.10 4.33 0
-186.16 -123.72 -7.28 0
-197.96 -129.88 3.96 0
-187.88 -129.30 0.55 0
-193.07 -125.03 13.39 0
-189.09 -135.75 31.74 0
-182.50 -119.42 3.62 0
-181.94 -129.62 -25.57 0
-186.66 -125.50 -0.93 0
-188.28 -133.28 -13.50 0
-192.76 -128.05 13.82 0
-191.19 -126.15 -23.18 0
-189.18 -124.49 5.19 0
-192.65 -131.17 -9.97 0
-194.25 -127.83 -5.04 0
-192.89 -133.65 3.07 0
-186.07 -130.74 2.16 0
-182.04 -125.95 -17.78 0
-186.39 -130.84 23.47 0
-199.20 -127.34 15.71 0
-191.04 -125.78 -13.42 0
-190.68 -123.80 14.98 0
-190.97 -118.98 5.34 0
-184.08 -129.35 -25.31 0
-194.36 -123.96 22.40 0
-184.57 -129.01 -2.56 0
-181.29 -124.85 36.04 0
-187.30 -132.52 -11.87 0
-187.02 -129.05 0.25 0
-190.99 -132.98 -12.58 0
-186.10 -121.20 -18.96 0
-188.56 -135.82 -14.10 0
-179.50 -129.16 1.69 0
-190.06 -126.48 -0.84 0
-182.33 -127.97 15.98 0
-186.80 -121.78 -9.15 0
-194.80 -128.39 8.59 0
-184.91 -127.36 21.41 0
-186.78 -130.97 -34.82 0
-181.04 -130.25 -30.98 0
-197.00 -131.16 -2.04 0
-195.07 -117.11 5.38 0
-188.00 -131.83 15.80 0
-189.28 -126.35 -31.36 0
-189.98 -129.78 25.25 0
-195.65 -116.30 4.66 0
-183.40 -126.67 -14.84 0
-179.52 -125.84 -20.00 0
-186.73 -125.09 23.79 0
-188.90 -124.96 -11.33 0
-191.71 -121.62 21.50 0
-186.11 -131.34 -13.83 0
-188.31 -138.42 27.51 0
-190.88 -131.83 8.84 0
-192.22 -123.25 -8.77 0
-187.08 -125.22 0.63 0
-202.79 -128.19 27.08 0
-187.02 -137.89 54.49 0
-191.04 -122.90 9.41 0
-195.79 -130.02 31.31 0
-190.46 -134.58 -13.78 0
-194.09 -125.57 28.66 0
-196.59 -123.27 16.08 0
-183.41 -119.48 12.33 0
-195.42 -119.87 5.60 0
-183.73 -128.83 -40.23 0
-188.43 -136.48 -16.02 0
-187.93 -124.63 -9.04 0
-195.27 -126.74 -0.46 0
-185.87 -128.94 -16.09 0
-195.38 -126.10 4.03 0
-192.00 -117.76 -15.14 0
-188.51 -126.51 -10.08 0
-183.81 -127.51 17.17 0
-187.83 -129.22 17.95 0
-192.78 -119.46 7.61 0
-191.50 -128.41 -25.36 0
-188.96 -135.50 -13.88 0
-190.39 -117.71 1.10 0
-187.92 -123.78 26.89 0
-188.07 -133.78 -19.77 0
-195.43 -131.05 21.39 0
-194.09 -125.87 4.32 0
-192.93 -132.15 3.80 0
-188.95 -125.20 -17.18 0
-185.28 -124.68 -9.59 0
-179.48 -129.82 27.36 0
-189.56 -117.67 -8.14 0
-185.42 -131.07 7.54 0
-181.99 -126.73 5.62 0
-195.41 -128.51 5.37 0
-187.97 -130.15 1.37 0
-185.19 -124.97 -0.64 0
-193.19 -130.30 5.05 0
-189.27 -129.01 14.10 0
-188.55 -125.24 25.56 0
-184.51 -128.07 11.33 0
-185.51 -122.61 14.40 0
-187.18 -124.14 14.40 0
-190.25 -129.55 11.11 0
-189.50 -130.21 25.75 0
-191.61 -131.99 -6.20 0
-188.85 -135.22 21.11 0
-185.23 -127.80 -9.26 0
-190.03 -137.00 16.45 0
-186.54 -131.57 -11.31 0
-182.77 -124.45 1.09 0
-190.53 -130.55 16.82 0
-188.55 -122.16 3.02 0
-190.89 -129.73 -34.03 0
-185.15 -128.40 36.94 0
-192.12 -120.88 -24.70 0
-190.79 -129.01 26.01 0
-189.32 -126.20 5.13 0
-194.55 -128.19 -23.17 0
-188.43 -130.51 -2.59 0
-197.26 -130.77 -21.08 0
-186.86 -131.22 11.87 0
-190.59 -127.79 5.30 0
-185.74 -123.20 24.92 0
-186.20 -129.88 22.90 0
-188.15 -123.72 -7.75 0
-184.96 -130.17 6.80 0
-193.45 -130.83 -1.14 0
-187.14 -129.09 19.86 0
-192.17 -119.40 43.91 0
-199.01 -128.79 -18.31 0
-189.14 -124.65 6.24 0
-190.06 -134.00 14.66 0
-189.90 -128.68 3.54 0
-183.33 -128.50 2.84 0
-180.34 -126.94 9.11 0
-189.36 -128.23 -4.66 0
-182.80 -137.93 1.01 0
-186.59 -127.28 9.17 0
-185.81 -121.81 6.57 0
-188.99 -119.21 -7.63 0
-190.54 -134.87 -14.46 0
-186.91 -138.79 -0.61 0
-188.61 -130.12 59.54 0
-184.24 -128.33 37.73 0
-183.18 -128.31 18.73 0
-189.72 -135.26 -20.77 0
-192.36 -128.50 11.18 0
-182.31 -127.57 -40.72 0
-191.81 -127.43 0.67 0
-185.77 -128.42 -11.30 0
-186.62 -126.92 -12.73 0
-189.92 -124.31 26.99 0
-190.08 -123.05 -7.78 0
-191.85 -125.84 -2.02 0
-193.68 -123.00 -3.50 0
-184.83 -133.74 -5.18 0
-194.44 -126.48 6.21 0
-195.81 -131.60 -8.27 0
-193.51 -127.97 10.76 0
-185.20 -134.62 -24.13 0
-189.39 -128.97 7.89 0
-192.62 -125.51 17.73 0
-187.98 -126.93 -11.45 0
-180.24 -139.36 -33.29 0
-188.12 -124.95 1.58 0
-191.02 -125.02 -42.15 0
-181.42 -129.62 9.61 0
-180.00 -122.89 15.76 0
-179.77 -125.77 21.67 0
-184.81 -130.03 2.89 0
-192.02 -123.02 12.17 0
-185.90 -130.57 2.30 0
-189.65 -127.72 9.33 0
-188.24 -129.09 -10.85 0
-183.62 -128.60 -43.48 0
-184.73 -134.29 -50.59 0
-186.13 -135.81 -51.85 0
-182.88 -132.31 10.97 0
-190.22 -129.02 10.88 0
-185.99 -132.31 -26.64 0
-187.81 -136.06 -4.06 0
-190.40 -124.67 22.90 0
-183.86 -129.48 -12.58 0
-187.42 -124.61 40.52 0
-192.32 -125.64 17.78 0
-191.98 -124.21 7.18 0
-191.09 -135.02 -10.14 0
-188.75 -122.40 -7.12 0
-190.30 -130.97 6.70 0
-194.97 -125.00 23.80 0
-192.58 -123.36 9.56 0
-182.72 -133.21 -52.82 0
-182.67 -130.38 22.32 0
-185.10 -128.89 -63.61 0
-198.38 -135.20 16.39 0
-187.67 -128.56 19.92 0
-186.84 -124.57 -10.41 0
-189.40 -130.67 -3.50 0
-192.36 -129.48 -8.60 0
-177.87 -130.90 0.45 0
-188.35 -126.93 39.30 0
-196.86 -132.66 -5.27 0
-197.35 -133.05 0.49 0
-180.56 -122.33 48.18 0
-181.63 -122.24 -24.48 0
-189.65 -128.88 -27.84 0
-195.72 -132.31 -9.49 0
-180.57 -128.93 26.60 0
107.23 103.82 28.52 1
111.68 104.52 25.40 1
114.84 110.92 12.81 1
97.83 104.22 -3.56 1
101.56 106.08 -11.92 1
105.35 97.26 -2.86 1
105.82 105.50 -12.31 1
106.92 98.56 2.33 1
104.83 98.14 -7.76 1
102.86 94.24 -29.13 1
96.95 103.50 -18.70 1
99.01 105.60 -11.88 1
111.89 101.97 2.38 1
105.43 93.08 -5.33 1
105.41 95.50 5.06 1
100.81 105.96 -14.32 1
107.90 95.37 -15.69 1
105.08 105.04 25.87 1
104.64 92.83 15.24 1
97.19 101.78 -11.06 1
103.41 96.70 -20.17 1
100.51 111.32 -4.58 1
109.10 105.25 -2.35 1
109.65 109.61 -33.10 1
107.96 93.46 -39.40 1
102.01 103.63 9.78 1
98.72 97.54 -3.27 1
106.29 96.99 -46.34 1
106.00 90.95 -6.27 1
101.34 105.94 8.25 1
98.33 107.69 -16.18 1
102.71 94.56 9.62 1
106.07 98.56 34.36 1
107.40 102.78 16.48 1
94.52 102.82 -1.21 1
106.62 101.69 24.66 1
98.18 93.70 -12.74 1
104.43 104.16 5.98 1
108.38 96.43 -15.54 1
102.70 98.44 5.42 1
103.16 102.99 -41.47 1
107.50 97.51 0.05 1
98.95 104.12 5.02 1
102.21 103.30 -13.40 1
106.26 109.81 10.44 1
103.38 93.25 -7.47 1
119.77 101.19 -4.57 1
106.43 112.55 16.55 1
111.44 104.18 -21.71 1
100.66 103.67 2.50 1
106.64 94.24 -3.45 1
99.37 100.24 -5.64 1
101.00 103.50 -9.32 1
104.44 94.58 -13.09 1
108.98 101.91 -11.29 1
114.52 104.48 14.15 1
100.72 101.63 -11.82 1
105.06 110.17 26.76 1
103.35 97.44 2.50 1
100.68 103.01 2.18 1
104.76 101.86 -26.17 1
106.47 107.94 2.48 1
102.00 107.93 5.54 1
104.68 101.97 -9.89 1
101.59 105.01 -3.00 1
106.06 105.68 50.49 1
103.34 108.20 3.49 1
104.07 107.22 -37.19 1
104.93 98.03 17.19 1
105.53 102.76 24.25 1
115.30 99.15 21.43 1
104.51 97.69 18.72 1
104.10 99.74 42.48 1
101.26 96.18 18.82 1
105.84 95.05 18.70 1
109.62 101.73 13.93 1
101.15 95.96 -8.82 1
102.85 94.07 -13.73 1
95.20 104.75 20.15 1
102.21 103.36 -5.11 1
99.46 104.69 -15.89 1
99.39 105.44 -24.20 1
114.38 101.42 -1.87 1
103.84 93.14 6.81 1
103.59 98.28 -33.07 1
105.46 98.22 26.19 1
108.61 90.98 4.96 1
94.69 95.44 -9.71 1
98.64 95.61 29.07 1
104.81 96.72 -40.13 1
104.01 97.39 -5.16 1
105.75 104.18 9.96 1
99.36 110.14 -5.85 1
112.23 113.12 -13.85 1
106.24 97.04 -29.04 1
105.47 100.51 35.56 1
108.57 105.74 20.06 1
100.83 106.39 -6.37 1
101.42 99.18 -9.13 1
108.44 103.78 -6.15 1
107.11 105.62 -17.47 1
101.57 99.66 11.92 1
112.22 102.92 20.04 1
98.39 106.48 -15.37 1
103.67 105.90 54.45 1
101.86 99.15 8.61 1
98.16 98.41 -19.26 1
101.75 104.49 27.93 1
98.12 102.28 16.54 1
108.90 103.16 -23.60 1
107.04 107.69 -16.58 1
112.92 99.30 11.44 1
108.01 99.02 -31.48 1
98.09 104.24 -8.99 1
102.38 102.40 -7.34 1
107.21 104.20 13.60 1
99.53 102.94 35.23 1
109.92 99.58 34.41 1
113.31 103.24 31.65 1
105.62 99.71 11.23 1
105.48 95.43 -3.78 1
108.91 101.13 33.97 1
105.57 101.74 -11.44 1
101.45 109.85 19.24 1
100.54 98.81 -2.49 1
97.69 99.38 1.54 1
100.86 96.18 17.09 1
104.14 111.20 -7.59 1
107.70 98.43 16.32 1
109.15 106.34 42.97 1
103.52 99.37 -25.85 1
102.68 102.95 -4.11 1
92.68 98.26 8.31 1
105.62 100.43 18.71 1
100.34 103.77 20.18 1
98.14 100.24 -11.38 1
100.74 99.78 -2.63 1
98.76 105.02 -22.65 1
105.65 100.03 -13.06 1
109.15 106.34 -23.44 1
103.18 108.00 -9.79 1
104.63 111.96 23.46 1
105.84 98.02 -4.16 1
113.20 99.29 -36.49 1
105.48 102.71 -5.74 1
105.29 104.35 12.77 1
102.57 104.97 6.80 1
88.14 108.23 -3.38 1
103.39 105.81 29.11 1
105.75 104.61 -14.07 1
102.94 102.22 -26.49 1
105.85 102.06 -50.32 1
101.26 93.26 11.32 1
97.56 98.79 -7.17 1
109.92 104.48 19.67 1
99.29 105.06 -11.29 1
105.22 93.52 -31.40 1
111.38 103.29 -25.36 1
106.64 105.08 11.30 1
102.64 100.41 -16.97 1
104.87 107.18 33.16 1
96.90 99.49 3.23 1
103.68 106.34 -14.05 1
117.35 95.89 -17.85 1
105.27 99.02 8.47 1
103.62 98.33 23.44 1
97.25 99.60 -21.57 1
107.03 102.13 -14.57 1
111.52 101.78 -26.86 1
103.35 93.82 1.66 1
104.64 102.38 15.77 1
107.10 96.48 -18.36 1
100.44 99.79 0.99 1
94.12 95.95 -4.78 1
104.57 104.33 3.51 1
103.33 98.83 5.51 1
102.26 98.10 -35.45 1
99.41 94.99 -12.59 1
103.48 96.06 31.32 1
102.83 98.49 4.25 1
105.61 106.62 12.10 1
108.25 104.19 -8.04 1
106.04 98.59 16.46 1
98.14 100.26 -2.94 1
100.80 95.12 6.85 1
95.71 95.45 -2.33 1
105.58 105.70 -27.71 1
99.67 103.99 -13.82 1
107.06 99.55 10.71 1
92.84 103.16 3.10 1
104.38 106.33 32.97 1
110.95 105.13 -14.95 1
112.54 100.46 -16.16 1
107.75 91.64 -14.83 1
106.30 101.26 5.57 1
102.15 102.20 25.07 1
106.60 102.28 -7.86 1
107.08 104.67 2.78 1
112.33 94.56 14.86 1
94.92 97.20 -4.00 1
104.70 104.61 4.43 1
95.41 111.11 0.62 1
99.12 104.36 9.39 1
98.33 99.57 38.53 1
109.91 101.19 -16.01 1
99.51 95.20 -4.96 1
114.21 114.66 4.80 1
99.94 104.20 11.68 1
108.58 99.44 2.08 1
95.03 98.25 -6.50 1
101.50 111.13 39.24 1
106.61 107.41 -17.26 1
96.70 102.08 -47.40 1
104.84 99.90 5.30 1
115.98 103.87 -4.35 1
103.77 91.48 15.28 1
98.60 98.94 2.62 1
92.03 99.81 11.08 1
104.89 98.51 20.61 1
91.54 107.49 22.82 1
102.75 103.09 6.47 1
104.24 96.54 15.08 1
98.01 103.97 -18.60 1
108.84 104.85 -10.87 1
106.27 96.98 -6.61 1
107.79 104.98 3.19 1
95.80 115.66 -1.96 1
102.65 102.22 7.32 1
105.59 104.96 14.45 1
101.08 103.68 15.59 1
100.96 97.78 11.78 1
104.96 89.85 -20.69 1
109.95 102.55 13.10 1
106.33 101.45 -0.10 1
102.63 102.00 -17.70 1
100.92 98.69 16.13 1
105.06 103.31 -6.99 1
106.20 107.13 -6.36 1
106.16 106.60 16.07 1
105.06 104.74 18.28 1
103.55 104.63 -4.96 1
103.78 97.64 -1.60 1
100.95 92.96 -1.19 1
109.59 108.71 -4.00 1
96.93 106.05 10.81 1
107.96 96.10 -12.12 1
106.89 94.06 -1.50 1
104.74 96.42 -18.19 1
105.08 98.45 16.30 1
105.27 99.22 18.26 1
100.38 112.36 1.22 1
107.12 105.91 -35.90 1
96.78 89.14 4.13 1
112.70 109.11 -4.88 1
111.46 95.03 15.09 1
102.47 102.11 23.45 1
103.78 107.00 26.33 1
99.65 90.75 13.04 1
109.79 105.06 39.00 1
101.96 112.79 -45.43 1
100.37 108.22 -8.07 1
105.37 98.43 -2.34 1
104.95 96.16 37.12 1
105.00 97.28 -16.06 1
101.46 97.69 18.20 1
100.49 106.94 -1.10 1
108.40 100.96 -16.52 1
100.33 101.11 12.73 1
106.02 100.03 -17.33 1
101.40 99.71 24.63 1
102.68 103.48 -18.55 1
95.36 100.09 1.51 1
98.21 109.77 0.64 1
106.77 103.31 20.56 1
107.25 95.45 4.84 1
108.47 103.56 -62.22 1
95.54 103.09 32.91 1
99.11 104.09 11.30 1
102.52 96.86 -11.33 1
95.31 99.56 -27.18 1
111.77 106.38 5.61 1
104.82 96.27 -25.76 1
108.97 95.67 32.94 1
106.07 110.78 6.31 1
102.39 108.64 19.69 1
103.68 96.81 1.28 1
109.10 95.13 -30.22 1
101.20 109.70 21.87 1
103.78 101.89 1.97 1
103.37 96.03 39.80 1
114.35 101.97 -14.19 1
106.26 98.28 0.72 1
109.88 107.40 -40.83 1
98.28 102.51 9.13 1
108.81 110.90 -10.17 1
91.35 102.83 -22.77 1
111.47 103.26 27.41 1
101.85 106.31 -37.27 1
104.82 95.86 -57.20 1
97.60 95.06 -41.85 1
106.26 99.92 -27.23 1
105.31 97.25 24.19 1
105.48 105.53 12.35 1
103.17 94.26 -16.37 1
100.56 90.30 -20.80 1
107.07 101.15 -31.23 1
107.98 106.95 17.54 1
101.10 101.63 24.81 1
96.27 104.23 -10.50 1
113.76 100.50 32.15 1
112.28 90.64 -10.42 1
99.29 101.13 4.22 1
103.93 96.44 1.95 1
100.22 97.08 -3.18 1
106.02 102.36 -12.38 1
96.40 108.98 39.43 1
95.49 105.07 19.02 1
101.79 91.31 -4.32 1
99.44 94.32 -63.44 1
101.13 109.80 -0.81 1
104.95 94.27 9.78 1
108.46 107.89 10.54 1
107.55 107.80 10.41 1
110.22 102.40 0.53 1
98.64 99.84 -35.52 1
102.97 101.39 -15.15 1
104.76 105.88 -23.24 1
103.22 102.04 -14.62 1
104.39 101.01 -24.27 1
96.15 104.40 30.49 1
103.86 104.40 -4.49 1
106.41 100.62 -19.25 1
111.15 105.04 10.65 1
100.34 106.04 -10.60 1
103.41 100.79 -47.68 1
105.38 92.78 32.70 1
102.68 106.65 15.47 1
96.92 98.99 -25.49 1
105.37 105.41 -4.79 1
99.83 101.49 -4.04 1
104.72 100.99 0.77 1
99.58 99.30 -29.91 1
106.02 107.89 -25.00 1
103.73 98.75 18.73 1
114.02 98.14 5.77 1
97.30 104.69 22.80 1
105.98 100.37 -7.74 1
101.33 106.13 6.25 1
98.24 103.71 -31.93 1
104.42 93.28 -18.83 1
106.61 102.56 -23.63 1
101.66 102.43 6.75 1
101.84 109.62 -7.77 1
113.35 101.14 40.83 1
109.14 97.50 -11.37 1
105.33 106.01 -30.42 1
101.88 108.16 -8.79 1
101.76 98.65 -33.32 1
104.64 94.55 -21.80 1
113.73 98.35 2.68 1
109.58 103.13 -5.83 1
99.66 101.49 -4.68 1
94.63 93.26 -9.57 1
113.02 99.51 -9.45 1
103.34 98.85 17.86 1
92.93 101.96 12.56 1
105.03 101.99 12.95 1
101.37 110.36 -11.26 1
98.43 96.10 -28.90 1
100.63 93.14 -33.54 1
103.56 105.34 -5.86 1
109.74 86.91 -29.38 1
112.10 104.88 -39.42 1
98.27 105.09 2.54 1
100.37 105.40 -0.64 1
101.96 95.22 9.37 1
100.23 95.80 24.73 1
99.58 102.32 39.38 1
99.55 108.56 5.13 1
106.17 100.93 9.26 1
107.23 97.89 -3.15 1
105.27 101.38 -16.18 1
103.54 104.71 22.96 1
108.88 93.32 -14.11 1
106.85 105.84 -12.05 1
95.44 103.03 -13.40 1
97.25 99.65 33.03 1
106.13 96.75 -26.14 1
109.66 98.88 -5.70 1
101.57 100.00 -8.32 1
98.84 110.63 -40.76 1
100.71 107.31 19.34 1
95.20 98.92 -15.79 1
105.70 94.42 -28.16 1
115.10 89.83 -16.65 1
100.56 94.78 -0.45 1
101.41 99.55 19.74 1
106.14 101.74 -17.22 1
108.08 107.24 -0.01 1
100.20 105.69 -5.96 1
100.11 98.92 -1.39 1
95.21 99.21 28.69 1
99.09 99.61 -0.53 1
103.34 106.37 15.09 1
109.10 105.76 37.42 1
110.82 96.34 -8.39 1
105.44 99.25 16.54 1
108.67 110.69 1.84 1
97.07 104.47 23.21 1
102.36 115.25 -18.52 1
109.12 105.79 -22.54 1
114.39 105.81 -15.04 1
106.00 102.48 24.04 1
103.93 104.61 17.69 1
100.65 94.95 -16.57 1
112.09 107.23 10.86 1
101.37 106.10 -33.58 1
98.87 101.77 22.76 1
101.28 100.73 25.51 1
104.34 100.77 -14.29 1
101.03 97.89 34.91 1
106.03 102.25 -22.04 1
101.38 102.89 7.21 1
98.87 101.50 -12.75 1
100.68 95.06 -17.33 1
108.30 105.29 -18.50 1
103.36 98.80 -8.33 1
102.60 100.07 33.17 1
102.45 104.50 -21.58 1
99.53 100.67 8.05 1
93.83 110.40 17.70 1
105.21 95.80 -6.30 1
107.68 106.01 27.37 1
107.60 101.24 21.61 1
102.11 102.62 12.39 1
109.12 101.60 -18.77 1
102.15 99.04 27.48 1
103.52 102.22 -31.30 1
99.55 100.46 -18.11 1
103.49 108.82 14.66 1
102.25 99.80 19.62 1
99.99 96.76 -27.06 1
110.70 100.13 -3.26 1
108.03 101.10 -18.28 1
108.14 106.54 11.85 1
102.97 100.18 -5.27 1
99.36 103.97 0.46 1
101.98 101.88 24.73 1
104.36 91.83 -7.91 1
106.06 100.83 11.72 1
93.12 102.44 -26.87 1
101.51 102.16 4.22 1
106.35 106.80 9.67 1
105.30 106.18 -13.14 1
99.74 100.24 -12.60 1
109.66 103.67 -7.97 1
102.11 106.67 25.03 1
110.23 101.54 -15.16 1
98.30 95.28 15.23 1
107.80 97.98 1.25 1
96.34 98.88 30.82 1
102.10 95.81 22.84 1
104.15 104.79 -18.68 1
102.56 105.44 28.04 1
91.49 95.38 19.62 1
99.03 98.74 18.59 1
106.69 105.10 30.82 1
106.38 109.20 -20.45 1
101.51 96.30 12.98 1
107.46 98.53 -6.11 1
112.23 101.58 5.15 1
111.61 105.31 -11.52 1
96.71 101.00 -4.94 1
98.50 99.51 -13.65 1
99.32 98.83 11.07 1
94.24 96.68 34.22 1
102.30 107.81 12.03 1
98.08 100.51 32.47 1
102.68 94.16 22.51 1
101.41 104.71 -22.73 1
110.89 98.11 -6.59 1
113.74 94.38 -22.51 1
104.95 103.05 7.66 1
105.70 97.00 -2.57 1
98.38 103.22 -7.28 1
103.89 107.04 8.92 1
95.57 106.13 38.66 1
102.01 111.22 -31.19 1
107.62 101.88 12.41 1
106.19 104.81 -2.62 1
102.76 104.00 -3.42 1
113.99 102.91 -16.23 1
102.43 110.06 -0.61 1
100.07 97.77 -6.51 1
108.66 91.55 34.97 1
104.51 100.62 16.17 1
99.37 94.15 -4.45 1
107.12 104.09 8.41 1
109.27 104.41 4.05 1
101.46 89.93 -6.70 1
93.40 107.34 2.43 1
111.83 100.57 -4.20 1
109.33 96.96 -21.55 1
98.42 99.41 -8.95 1
91.11 99.04 25.32 1
98.47 104.95 -12.75 1
100.76 102.40 3.49 1
104.40 92.50 8.29 1
108.15 96.78 -22.86 1
104.39 101.38 3.48 1
105.44 105.81 25.64 1
97.34 94.39 16.75 1
108.35 92.81 6.20 1
99.79 95.81 20.54 1
96.59 107.61 -10.52 1
103.61 105.15 -9.66 1
105.85 95.91 19.72 1
104.23 95.40 -3.36 1
101.33 93.93 6.86 1
110.16 96.98 38.43 1
113.27 97.13 7.75 1
112.64 104.54 -11.33 1
109.08 99.91 -11.65 1
105.27 111.76 -10.67 1
111.13 105.40 3.05 1
104.79 105.15 -16.69 1
102.34 104.80 18.89 1
99.63 93.29 14.23 1
100.75 97.47 17.63 1
103.12 98.25 -19.35 1
105.20 114.47 -0.09 1
95.61 99.78 26.91 1
103.31 98.52 15.44 1
97.71 102.20 -4.22 1
107.56 108.94 -13.48 1
99.42 105.03 -12.47 1
108.65 102.00 24.54 1
111.85 100.35 16.88 1
95.54 100.80 0.27 1
102.90 96.11 -3.15 1
98.21 99.04 -1.61 1
97.29 102.82 -8.48 1
105.29 93.81 -7.70 1
106.87 98.24 9.96 1
100.41 104.43 6.01 1
101.30 99.44 -30.66 1
102.99 102.99 -10.45 1
110.37 109.18 -9.55 1
104.88 97.43 -19.92 1
104.35 97.91 4.21 1
102.57 103.64 -16.44 1
100.08 102.96 6.37 1
101.09 98.14 -27.28 1
115.18 103.78 -29.59 1
100.42 99.76 1.47 1
112.27 96.18 8.73 1
97.87 102.43 16.05 1
105.01 102.71 -14.30 1
104.84 97.47 3.79 1
107.58 96.52 7.84 1
94.38 95.32 27.48 1
89.65 98.42 -2.95 1
99.09 95.65 16.32 1
101.92 98.73 -21.24 1
101.07 96.37 12.66 1
119.89 100.24 -18.58 1
100.33 102.87 26.24 1
97.66 96.23 36.36 1
102.66 106.42 -14.42 1
105.99 92.45 12.92 1
102.25 103.66 -6.26 1
111.04 93.02 -8.32 1
101.92 97.99 -49.01 1
105.25 103.57 30.26 1
112.06 112.03 42.45 1
104.14 96.30 -16.23 1
105.09 104.94 19.29 1
105.91 92.04 -3.79 1
112.74 105.42 -3.71 1
102.52 96.88 23.83 1
110.86 95.47 -1.35 1
114.93 106.73 -15.85 1
96.53 104.55 2.16 1
98.79 109.44 20.18 1
109.95 107.06 47.25 1
91.33 106.35 -19.49 1
111.42 101.30 -9.16 1
102.99 105.52 9.04 1
97.09 103.02 13.80 1
101.96 104.77 24.70 1
103.44 90.49 3.83 1
112.76 100.34 -11.14 1
101.99 112.74 -9.65 1
113.21 107.57 22.19 1
102.06 100.64 -23.02 1
105.98 96.16 12.91 1
104.53 100.65 -7.95 1
106.81 99.61 -6.69 1
101.84 101.34 17.58 1
101.17 107.46 26.86 1
103.03 100.18 -11.55 1
110.86 103.91 -42.51 1
100.95 100.30 5.19 1
106.86 108.01 -39.46 1
109.38 96.92 35.77 1
102.33 99.87 4.78 1
106.95 107.46 2.94 1
110.26 97.70 -7.38 1
105.42 100.90 -7.73 1
114.97 102.36 -0.04 1
108.65 102.05 19.67 1
100.36 110.24 9.79 1
103.88 102.62 57.58 1
111.52 100.87 -5.32 1
99.22 98.85 20.37 1
103.05 98.57 2.06 1
99.38 99.52 -13.36 1
111.80 102.89 -7.81 1
113.33 91.24 -18.10 1
107.12 98.60 -28.60 1
108.68 98.55 5.94 1
110.16 98.87 11.58 1
112.89 95.64 8.24 1
94.13 92.81 -31.17 1
101.93 97.54 -5.85 1
105.77 97.73 -4.93 1
104.25 111.05 -0.99 1
100.91 100.82 14.35 1
109.04 102.92 -23.97 1
106.31 100.18 -58.17 1
100.55 97.55 2.87 1
105.49 98.53 -13.47 1
101.30 102.50 -12.90 1
111.33 93.93 72.55 1
106.36 110.80 -3.46 1
108.67 100.41 4.20 1
103.54 102.13 -22.78 1
103.89 104.92 -8.84 1
102.27 113.94 25.78 1
102.81 104.29 -23.43 1
106.61 105.31 1.28 1
104.65 102.80 26.32 1
98.56 97.35 6.64 1
102.27 100.72 -11.58 1
112.76 106.34 9.97 1
102.78 102.96 23.16 1
96.67 105.15 1.12 1
108.26 109.85 8.41 1
101.45 102.83 -14.48 1
98.57 97.21 21.05 1
93.12 107.42 9.28 1
102.65 102.54 20.28 1
100.44 104.45 31.03 1
102.31 93.26 -24.53 1
98.51 99.64 -24.05 1
104.68 97.71 8.25 1
104.82 97.00 -11.74 1
92.57 100.53 -3.92 1
103.42 107.80 -37.70 1
101.92 103.07 22.56 1
105.06 96.72 -2.62 1
108.20 108.75 -46.88 1
100.52 98.79 25.97 1
104.34 97.94 -52.46 1
101.11 105.26 -32.70 1
101.72 101.05 13.12 1
103.97 101.33 -48.32 1
99.27 101.13 -11.36 1
102.62 102.50 -12.91 1
104.41 101.04 2.64 1
105.73 96.34 42.20 1
108.34 97.69 3.38 1
102.16 94.46 -12.63 1
107.30 105.82 -7.66 1
98.92 106.75 23.22 1
103.96 101.76 9.08 1
109.65 103.03 8.92 1
99.55 98.51 -14.40 1
110.27 104.25 -28.55 1
106.94 98.05 4.30 1
107.29 100.35 -10.20 1
93.91 102.66 -24.74 1
96.49 102.67 20.03 1
100.38 99.19 -2.88 1
99.41 96.56 0.54 1
90.50 102.57 -1.87 1
98.10 95.75 -3.24 1
98.99 111.05 -8.29 1
102.77 98.40 -4.51 1
103.76 97.79 7.64 1
107.88 97.00 2.01 1
108.86 88.75 19.83 1
107.31 111.53 -22.41 1
110.20 93.65 -11.97 1
103.12 97.71 12.70 1
112.67 96.17 -39.55 1
106.42 103.36 17.73 1
104.43 104.83 20.12 1
97.81 97.00 -3.68 1
106.00 97.59 -3.01 1
96.90 99.88 2.42 1
102.29 104.90 -20.38 1
106.35 101.66 -39.08 1
103.42 92.89 4.14 1
109.12 100.61 -17.29 1
111.32 94.71 -9.07 1
112.36 99.52 14.65 1
109.06 98.16 -20.91 1
98.26 93.29 20.37 1
103.34 102.89 -0.24 1
102.70 101.66 -31.86 1
107.78 91.48 -7.08 1
103.68 104.15 5.74 1
109.22 93.16 1.30 1
96.07 99.69 -6.81 1
104.87 99.64 -20.09 1
92.01 89.05 -7.78 1
104.06 90.95 -26.12 1
105.23 97.92 -16.73 1
102.33 100.39 0.85 1
92.28 107.11 -5.68 1
96.30 103.86 40.60 1
94.34 100.64 3.15 1
98.54 101.78 13.40 1
98.58 91.30 11.40 1
103.73 94.75 3.25 1
98.70 106.30 -2.33 1
113.02 97.54 10.51 1
96.41 99.81 15.25 1
94.25 104.47 17.78 1
109.90 102.28 6.72 1
108.25 97.36 -35.77 1
107.72 96.85 -5.54 1
104.92 103.34 7.32 1
93.34 101.23 -9.54 1
99.19 104.25 4.06 1
98.06 103.62 -14.06 1
108.95 103.82 -10.67 1
105.01 103.09 -52.93 1
109.21 96.16 -5.36 1
96.05 101.47 -31.86 1
106.61 108.02 -17.32 1
105.68 100.63 12.27 1
106.03 96.34 1.68 1
111.74 102.93 18.92 1
106.68 94.27 15.81 1
99.01 103.09 -35.82 1
98.78 103.51 -0.60 1
105.82 104.27 6.43 1
102.99 101.04 -9.00 1
98.18 100.85 -5.49 1
98.06 113.98 0.26 1
101.63 108.24 9.23 1
113.87 98.49 -3.98 1
99.83 110.48 -10.32 1
104.69 109.91 -16.56 1
112.31 98.97 -27.35 1
107.27 101.77 -7.04 1
104.03 105.07 -2.54 1
108.94 99.80 31.91 1
100.79 99.53 17.62 1
102.90 96.64 7.02 1
106.21 93.07 53.76 1
107.03 91.91 -15.58 1
105.36 98.10 14.41 1
101.94 111.02 -46.79 1
108.22 100.43 37.59 1
101.92 101.71 7.01 1
103.44 90.06 -23.93 1
104.59 101.48 -4.11 1
106.91 94.13 -30.83 1
103.05 103.45 5.27 1
101.31 101.36 7.51 1
107.83 96.49 16.45 1
98.66 108.62 -8.67 1
101.36 93.83 -8.01 1
102.20 110.86 -23.60 1
104.74 99.73 9.67 1
107.63 95.59 -9.79 1
105.46 106.20 6.34 1
97.91 99.80 -20.79 1
106.08 96.44 9.22 1
96.35 99.00 36.50 1
94.98 110.27 -8.14 1
104.53 101.74 7.13 1
97.41 105.25 -4.59 1
106.70 97.10 -14.98 1
103.25 97.08 -36.45 1
111.64 102.68 2.87 1
110.57 97.50 -7.59 1
102.64 104.56 4.27 1
102.86 108.33 -12.08 1
96.89 95.74 -33.11 1
101.32 96.96 -40.01 1
99.52 103.04 19.14 1
98.31 97.38 -5.99 1
97.94 110.69 -7.96 1
102.18 95.45 -2.18 1
116.50 96.81 11.68 1
103.63 98.51 -30.28 1
113.29 92.49 -0.30 1
105.76 108.21 25.85 1
103.77 107.20 2.72 1
104.86 101.78 1.26 1
96.73 104.50 28.90 1
101.23 100.00 0.03 1
106.33 109.68 14.73 1
97.52 96.98 10.84 1
107.60 98.06 -0.41 1
106.77 96.66 33.43 1
99.14 98.81 -7.91 1
99.90 105.03 -2.09 1
102.04 103.69 -25.76 1
105.19 103.75 -38.16 1
98.90 101.10 11.32 1
107.35 103.61 -3.41 1
102.20 99.69 25.75 1
104.03 94.58 15.92 1
105.33 102.73 -30.11 1
110.56 102.24 17.39 1
97.75 94.53 20.27 1
104.67 94.01 27.64 1
100.29 101.34 6.09 1
104.02 106.62 -11.56 1
105.67 95.57 -11.23 1
112.13 93.80 -1.09 1
95.26 107.20 -35.82 1
101.60 108.52 -28.45 1
108.16 102.65 -29.59 1
102.37 99.63 -9.16 1
108.57 106.29 -17.64 1
100.83 102.08 -4.96 1
108.69 101.27 20.74 1
109.99 103.16 -1.88 1
102.40 98.02 17.44 1
97.53 99.69 -5.43 1
97.72 99.66 -16.81 1
106.10 104.02 -39.50 1
100.65 91.30 -28.20 1
101.11 104.17 2.25 1
106.99 89.81 18.47 1
106.13 104.03 17.05 1
103.00 104.89 15.60 1
103.38 95.55 -13.29 1
106.81 95.38 -17.64 1
110.83 102.14 -4.37 1
103.60 85.66 -21.64 1
98.90 102.45 16.01 1
105.66 89.51 7.35 1
104.94 94.72 1.09 1
102.09 97.35 -11.14 1
102.20 104.25 12.72 1
106.47 92.47 -14.03 1
111.18 94.18 -9.82 1
103.73 103.51 -13.81 1
106.45 104.42 -21.49 1
107.32 97.67 6.45 1
101.14 100.77 12.90 1
106.38 100.00 -18.64 1
92.80 98.92 -7.79 1
103.70 94.89 0.70 1
97.64 105.30 -17.53 1
100.79 98.11 0.97 1
91.71 103.33 23.40 1
97.44 101.91 35.09 1
105.80 95.52 -22.31 1
105.96 99.17 13.51 1
102.99 98.44 -0.66 1
101.86 101.33 24.81 1
104.93 96.57 26.65 1
108.65 108.83 -5.43 1
107.58 96.85 13.92 1
103.12 97.85 -34.34 1
105.24 95.24 -1.52 1
105.40 95.17 -1.47 1
107.81 101.08 -8.22 1
111.74 97.58 21.83 1
103.59 98.67 19.07 1
97.34 103.59 39.33 1
100.96 107.78 19.11 1
106.42 98.59 -10.61 1
102.31 101.18 4.76 1
109.22 95.17 -9.49 1
108.36 100.36 -14.29 1
108.61 95.06 10.59 1
103.65 102.11 13.35 1
100.11 101.12 0.70 1
99.88 101.97 3.88 1
96.90 103.04 -27.41 1
109.58 97.92 10.96 1
109.03 103.07 -36.98 1
101.11 96.04 1.21 1
102.74 108.32 -13.47 1
101.53 101.85 21.43 1
102.03 101.78 16.38 1
98.53 105.18 28.84 1
98.83 102.00 -8.61 1
108.32 90.82 5.51 1
99.76 105.12 3.08 1
110.74 111.38 22.37 1
96.16 96.19 -12.55 1
97.14 99.30 -9.81 1
106.20 97.03 5.05 1
107.33 98.25 21.03 1
100.41 98.87 7.82 1
110.13 96.55 -9.98 1
103.26 100.86 11.80 1
105.69 101.01 -12.62 1
106.72 97.79 -22.57 1
97.07 106.36 -33.56 1
108.04 96.96 -7.18 1
107.11 99.72 33.01 1
105.98 97.90 -1.82 1
107.06 98.71 1.95 1
103.52 99.83 6.95 1
98.43 104.73 20.90 1
112.39 104.61 18.95 1
101.02 97.46 -46.53 1
101.05 102.59 -18.51 1
102.60 105.38 9.43 1
108.03 111.98 12.63 1
102.65 110.34 0.32 1
112.64 102.02 10.10 1
105.60 115.18 -3.76 1
109.34 98.91 -8.41 1
102.63 99.12 8.63 1
107.54 101.79 -20.48 1
105.05 100.42 20.55 1
102.60 97.24 -2.97 1
95.74 109.19 0.58 1
109.55 93.00 -7.95 1
105.96 101.90 10.77 1
102.19 96.58 -17.54 1
99.04 101.58 -22.36 1
110.68 101.09 11.32 1
94.20 103.42 -2.82 1
103.35 108.34 25.89 1
103.28 107.41 -27.84 1
100.71 103.96 -16.05 1
110.81 103.02 -15.07 1
98.96 103.43 26.00 1
95.01 100.60 -6.79 1
114.32 88.99 17.83 1
101.19 103.60 -4.47 1
107.83 105.01 37.17 1
104.88 104.14 -11.82 1
106.81 99.65 -4.65 1
96.85 103.80 17.43 1
100.03 107.15 -12.04 1
101.63 103.17 6.92 1
112.58 97.96 -22.91 1
110.17 100.24 22.58 1
109.35 96.16 -28.14 1
105.07 99.79 -22.41 1
101.97 101.15 2.89 1
105.38 100.67 7.11 1
109.83 93.51 37.78 1
111.70 97.66 18.24 1
99.11 94.20 4.32 1
94.14 100.43 -24.87 1
106.04 98.75 -12.31 1
103.88 99.24 5.67 1
92.06 95.20 9.05 1
98.01 100.41 -9.79 1
102.68 108.47 26.05 1
102.01 95.49 20.45 1
104.10 103.85 -19.55 1
106.46 98.32 36.66 1
118.90 98.07 15.41 1
102.21 98.49 8.13 1
105.39 102.59 6.68 1
100.35 101.63 -7.55 1
102.67 99.33 30.20 1
104.22 93.68 0.11 1
99.20 108.78 -5.40 1
104.43 90.29 -4.78 1
99.79 103.57 -20.31 1
100.43 93.74 21.08 1
97.73 93.35 -0.90 1
103.46 107.72 1.13 1
106.23 95.79 -27.36 1
106.76 102.61 -9.74 1
107.09 89.88 -30.45 1
105.61 100.06 -12.38 1
100.46 102.45 -15.01 1
101.07 102.14 1.51 1
104.47 99.60 6.64 1
98.78 103.99 27.03 1
106.71 106.90 -2.29 1
110.38 101.84 31.34 1
93.79 101.53 -21.59 1
100.26 111.00 -36.78 1
100.95 101.83 -4.42 1
100.89 98.51 6.44 1
104.83 93.70 6.12 1
91.42 97.69 -9.68 1
103.78 101.63 -47.97 1
103.79 103.05 35.91 1
102.90 94.56 -2.79 1
97.83 104.51 -18.28 1
30.85 239.91 -13.45 2
25.99 244.11 11.57 2
23.86 243.15 -8.36 2
27.64 240.57 24.43 2
23.82 248.20 -43.43 2
30.81 253.25 -1.89 2
26.53 251.06 24.30 2
26.47 241.54 28.63 2
38.96 251.00 10.49 2
33.06 253.04 16.53 2
34.42 249.46 -6.24 2
21.23 249.11 7.18 2
22.85 252.91 24.81 2
24.95 249.16 -5.17 2
28.85 247.83 -3.20 2
32.42 264.20 11.57 2
33.04 248.99 -33.49 2
21.59 249.25 10.92 2
35.28 249.70 -15.54 2
36.29 246.22 -25.42 2
21.56 245.80 11.59 2
15.03 250.39 -24.78 2
25.93 254.76 35.53 2
26.50 245.46 7.46 2
29.32 246.29 7.69 2
31.58 254.89 19.39 2
19.31 251.37 -37.05 2
24.62 250.74 -44.30 2
21.73 251.47 12.68 2
28.85 249.33 -0.44 2
25.71 251.16 -1.60 2
28.20 244.88 3.61 2
25.03 251.15 25.13 2
29.20 246.06 27.18 2
19.52 254.89 22.38 2
18.63 250.21 -9.27 2
19.31 246.65 5.22 2
29.54 252.79 -53.08 2
26.15 258.43 -18.73 2
33.82 257.62 -12.12 2
21.30 256.64 -44.97 2
34.38 249.85 16.76 2
22.25 247.66 24.62 2
28.27 243.52 -24.10 2
22.75 240.85 0.30 2
24.18 236.96 -19.46 2
27.19 244.90 -13.07 2
23.54 254.34 -20.46 2
27.21 246.63 -6.50 2
28.89 240.51 26.02 2
18.65 258.09 -38.57 2
17.55 254.60 16.36 2
30.04 255.28 -12.60 2
24.80 252.55 -13.59 2
26.59 252.19 -2.64 2
30.37 243.14 -7.21 2
25.33 242.62 -8.10 2
32.26 251.08 46.95 2
26.52 255.94 -33.84 2
28.80 261.67 31.84 2
23.95 251.38 16.55 2
23.39 245.15 -7.31 2
24.67 248.60 -49.12 2
25.20 244.79 9.91 2
22.89 254.09 -32.05 2
19.41 244.18 1.05 2
29.61 243.44 37.31 2
31.30 247.82 14.11 2
30.78 254.36 -38.48 2
28.60 251.38 -22.12 2
34.88 248.88 13.93 2
33.58 247.82 5.04 2
24.95 256.21 0.42 2
32.07 248.63 -4.02 2
22.97 251.52 41.32 2
33.46 242.10 7.91 2
22.08 246.47 -7.90 2
29.82 251.11 15.84 2
32.79 247.38 -44.72 2
30.08 257.90 -18.37 2
26.43 245.20 6.25 2
28.89 251.06 -13.80 2
28.33 254.20 -7.05 2
24.11 243.74 -0.45 2
29.00 248.65 -9.88 2
26.69 244.99 41.24 2
31.75 253.07 33.43 2
22.60 252.60 -15.18 2
28.23 249.26 -9.14 2
28.94 245.58 -23.16 2
30.45 246.17 -29.81 2
28.38 241.29 -19.46 2
27.24 259.82 6.85 2
22.42 242.02 -38.14 2
23.64 255.29 -18.15 2
30.46 247.32 16.13 2
32.38 249.57 -1.94 2
26.63 239.12 -45.60 2
31.65 252.35 -17.57 2
18.38 259.98 -17.80 2
20.28 251.92 -14.59 2
30.56 242.08 6.09 2
18.57 250.35 26.38 2
30.01 260.88 0.94 2
30.64 239.56 -6.92 2
24.40 252.37 -20.49 2
25.60 256.75 -5.45 2
39.34 239.40 15.49 2
29.08 257.31 -4.47 2
33.09 250.64 -3.33 2
22.49 258.75 -3.17 2
19.36 242.41 -21.12 2
32.63 252.34 -13.65 2
31.12 248.62 4.73 2
29.62 241.64 27.23 2
33.59 248.73 -14.10 2
30.64 248.40 27.57 2
24.77 256.08 9.45 2
19.86 255.77 14.38 2
20.48 251.67 -2.48 2
18.01 245.51 -27.26 2
27.05 243.97 29.60 2
27.14 251.35 -2.80 2
31.49 247.73 7.23 2
24.97 255.33 -23.56 2
20.95 250.79 -17.26 2
29.50 252.98 25.00 2
22.33 251.65 -28.13 2
26.82 257.74 11.38 2
25.48 243.68 -15.58 2
29.71 250.64 -26.09 2
24.30 251.77 -36.53 2
29.77 240.54 -15.71 2
28.36 246.75 7.63 2
31.63 255.08 -48.59 2
35.38 252.36 -2.21 2
26.88 252.61 23.87 2
37.64 251.28 -13.96 2
21.35 256.26 -51.77 2
18.13 246.00 -8.18 2
26.31 246.17 -21.98 2
25.13 250.86 30.96 2
27.32 250.47 -3.26 2
33.49 252.99 5.46 2
23.20 250.03 46.44 2
20.12 245.72 5.26 2
21.62 244.34 -21.67 2
28.71 244.88 16.80 2
28.25 244.22 14.97 2
29.75 253.57 -0.29 2
28.44 250.67 -6.21 2
26.60 244.36 -22.57 2
22.96 253.83 -2.74 2
26.18 248.25 -0.14 2
30.35 254.07 12.25 2
18.16 255.96 -5.30 2
24.43 249.44 54.96 2
32.25 257.09 -18.32 2
28.47 242.98 -45.73 2
29.99 254.92 10.82 2
21.64 256.11 -24.40 2
22.21 248.13 22.81 2
25.84 254.88 -14.38 2
30.80 252.68 -2.82 2
25.76 263.24 9.40 2
24.53 249.95 25.34 2
27.32 247.56 44.90 2
32.85 250.63 -3.31 2
26.45 248.66 -6.07 2
28.41 244.54 8.53 2
27.37 251.88 -18.70 2
17.18 247.81 -9.24 2
32.68 256.42 5.34 2
24.91 255.20 -13.79 2
32.34 251.45 10.40 2
24.32 246.48 11.23 2
25.34 250.30 -36.09 2
21.92 252.04 15.66 2
26.96 260.38 0.37 2
20.15 251.83 0.17 2
28.54 247.12 -12.56 2
26.63 256.62 33.56 2
21.97 258.01 16.40 2
24.84 249.40 -37.74 2
25.82 244.91 -7.76 2
24.29 240.07 -19.61 2
27.42 253.02 14.29 2
29.21 237.86 -36.30 2
33.39 254.87 2.20 2
18.46 259.56 -30.09 2
33.48 242.86 -30.58 2
15.96 249.06 -2.20 2
19.89 249.75 4.56 2
24.04 248.42 9.99 2
27.93 254.38 -19.33 2
36.13 249.68 11.19 2
27.86 258.10 25.60 2
27.20 243.27 -27.43 2
27.52 246.54 28.21 2
20.12 251.91 -16.69 2
26.63 250.99 40.92 2
24.23 255.71 27.08 2
25.42 243.44 -27.55 2
34.01 249.02 26.11 2
39.34 249.85 -6.02 2
30.23 245.29 27.39 2
31.06 254.09 -6.04 2
25.29 244.74 -24.73 2
27.60 249.01 -25.24 2
22.88 250.07 -8.78 2
25.89 253.29 21.13 2
25.27 257.35 24.48 2
24.05 242.88 -19.93 2
25.39 252.64 -24.16 2
26.27 251.09 7.91 2
33.28 242.66 -31.64 2
23.13 262.31 -47.29 2
22.07 253.09 2.85 2
28.47 241.51 3.84 2
24.72 254.13 19.84 2
22.91 253.95 32.12 2
29.24 242.06 17.61 2
35.77 257.58 12.61 2
25.78 251.30 -24.27 2
16.87 244.60 26.19 2
23.00 251.63 9.90 2
34.48 245.74 -15.15 2
23.70 245.64 13.89 2
32.87 244.54 -37.84 2
28.62 250.10 -4.62 2
26.74 253.00 42.36 2
28.59 246.26 13.48 2
25.86 239.20 -0.09 2
38.10 247.02 5.76 2
25.83 251.38 23.69 2
32.67 254.12 -8.07 2
28.66 247.07 7.95 2
26.93 243.30 36.43 2
23.08 254.62 -0.81 2
30.30 248.93 38.55 2
25.44 249.50 14.77 2
26.64 249.86 0.24 2
25.98 247.17 5.39 2
33.33 252.41 -8.38 2
27.09 251.84 17.12 2
18.33 243.63 -20.75 2
22.27 242.53 -6.55 2
28.77 250.45 4.47 2
19.25 241.47 34.35 2
27.79 241.57 23.15 2
35.64 247.34 16.40 2
31.60 248.13 -17.51 2
26.10 250.29 17.75 2
27.62 260.58 -20.32 2
24.79 243.04 -8.16 2
35.02 246.21 11.36 2
26.04 245.64 26.64 2
24.54 247.83 59.79 2
33.88 249.26 -9.91 2
19.78 240.66 1.67 2
20.55 245.94 -8.98 2
34.40 252.27 -13.54 2
30.52 246.81 35.43 2
21.99 262.91 0.41 2
31.63 240.33 -18.42 2
18.90 251.70 -32.58 2
22.56 254.81 -3.26 2
38.85 251.10 21.42 2
14.99 253.98 -8.01 2
37.37 253.10 -24.18 2
23.55 247.56 -1.11 2
35.74 246.84 -2.08 2
28.70 246.11 -2.06 2
20.82 253.59 -24.87 2
23.88 241.77 -31.73 2
30.48 247.06 -6.84 2
30.96 245.15 30.78 2
32.01 248.14 4.76 2
26.62 248.91 -31.82 2
29.85 247.49 -20.07 2
30.19 253.29 -5.07 2
21.88 257.84 -35.32 2
21.70 246.85 -50.83 2
25.42 253.37 18.84 2
34.83 244.63 2.69 2
28.67 259.54 -14.00 2
33.86 245.29 -17.05 2
28.97 242.78 -11.70 2
28.40 250.72 13.80 2
32.13 249.62 14.49 2
23.42 250.63 1.85 2
17.64 256.56 -8.20 2
30.10 254.34 -23.97 2
32.35 244.78 -8.14 2
21.16 245.59 25.02 2
29.56 255.97 -14.35 2
30.59 253.07 29.64 2
29.94 250.21 -22.19 2
21.39 248.91 8.16 2
27.22 253.27 26.98 2
34.99 243.29 11.31 2
29.29 246.95 36.04 2
29.10 244.55 28.43 2
31.75 250.06 5.32 2
18.14 251.14 -18.82 2
26.56 246.93 -19.26 2
20.10 254.80 20.56 2
22.75 253.93 -11.30 2
30.70 248.88 31.48 2
25.19 258.71 -7.70 2
26.82 250.10 -26.70 2
21.68 242.15 19.03 2
28.66 253.99 -6.44 2
33.31 240.58 4.43 2
27.37 244.46 -46.93 2
22.22 251.24 1.71 2
31.00 261.42 2.86 2
31.73 243.17 -9.59 2
16.41 245.92 -18.33 2
27.42 251.86 -15.22 2
36.76 248.87 26.23 2
26.72 251.99 -9.90 2
26.16 247.80 30.72 2
27.59 256.49 13.37 2
25.54 246.38 -9.18 2
29.17 237.23 17.42 2
33.30 251.57 28.73 2
25.93 239.43 -3.35 2
25.65 251.28 10.94 2
25.77 250.31 24.27 2
41.12 246.26 -34.87 2
27.14 249.62 -30.64 2
26.98 252.73 -22.78 2
31.93 249.58 10.57 2
25.65 252.64 -5.25 2
28.47 238.06 23.94 2
21.49 248.51 -23.45 2
25.93 247.91 13.84 2
26.49 243.96 -15.01 2
30.58 242.82 5.80 2
31.37 248.52 -9.61 2
29.07 256.66 16.11 2
27.90 250.85 -37.83 2
21.75 250.18 21.34 2
25.09 246.42 26.33 2
21.44 259.49 -17.98 2
22.60 241.03 -16.58 2
26.98 249.22 -14.72 2
24.97 248.24 4.00 2
27.64 255.62 -21.79 2
24.46 251.59 -11.72 2
23.05 245.08 1.44 2
26.18 246.04 2.64 2
20.05 246.73 17.96 2
34.07 239.15 -1.06 2
32.74 249.01 -0.86 2
29.31 246.79 2.44 2
30.87 250.93 10.56 2
26.55 255.78 -22.77 2
29.41 251.53 7.42 2
33.52 254.71 -15.01 2
27.19 252.20 -11.77 2
20.60 243.70 6.66 2
23.22 251.06 21.00 2
30.81 246.94 32.85 2
30.37 249.79 23.76 2
23.78 242.53 25.18 2
19.54 245.25 -10.83 2
34.11 246.05 37.53 2
32.52 255.56 -7.58 2
29.44 249.65 -9.33 2
33.26 245.62 19.94 2
37.97 249.55 42.03 2
20.84 249.73 -26.19 2
43.86 248.60 4.87 2
30.89 250.70 2.38 2
32.56 256.29 -13.11 2
26.07 248.77 -5.11 2
33.49 243.99 18.89 2
36.57 257.12 -21.00 2
15.64 255.90 -2.95 2
22.23 252.54 3.69 2
28.62 256.76 30.73 2
26.65 254.07 -7.84 2
23.42 260.62 55.71 2
28.26 254.82 -0.38 2
27.91 248.72 7.32 2
20.64 251.74 -0.08 2
26.48 244.25 -3.53 2
24.96 250.78 9.72 2
27.61 248.95 40.91 2
20.54 252.06 -30.37 2
40.99 248.37 23.84 2
32.27 249.59 -20.83 2
34.86 248.10 -10.81 2
29.22 241.21 -22.24 2
27.94 245.50 -17.60 2
25.90 248.71 -23.03 2
21.33 246.14 27.96 2
23.87 248.89 -1.17 2
24.59 245.08 -0.73 2
22.15 257.36 13.33 2
27.58 247.80 0.66 2
21.20 251.83 -26.12 2
19.45 250.99 6.94 2
28.36 262.51 12.57 2
28.81 255.05 -40.97 2
28.39 249.16 -16.22 2
18.84 251.12 57.66 2
35.22 247.04 -42.17 2
30.32 249.95 -0.23 2
23.67 244.51 -8.56 2
34.35 236.89 16.92 2
33.39 240.09 0.57 2
19.85 254.41 -11.30 2
30.93 242.49 -16.03 2
22.07 245.14 -51.27 2
31.20 245.95 -21.91 2
20.03 240.56 6.14 2
22.78 252.10 8.18 2
19.87 246.87 27.32 2
12.66 239.31 27.37 2
31.86 246.07 -16.65 2
31.45 243.84 4.95 2
28.72 248.47 12.91 2
32.06 250.07 1.22 2
22.66 242.49 1.27 2
27.53 245.87 -12.04 2
26.39 245.42 10.05 2
20.34 251.38 4.45 2
10.59 246.37 36.59 2
32.95 239.56 27.54 2
29.59 248.83 15.56 2
23.64 250.37 -29.77 2
28.73 242.25 -27.50 2
17.12 257.23 10.22 2
24.81 253.75 21.13 2
24.11 247.98 23.19 2
28.58 243.60 34.66 2
30.02 252.92 24.88 2
28.60 252.89 -4.74 2
29.41 253.77 27.17 2
18.10 255.87 -7.42 2
32.37 255.41 -18.83 2
20.81 250.66 -7.12 2
24.35 250.94 56.98 2
30.26 254.87 22.96 2
31.40 257.37 -34.00 2
26.44 244.74 3.57 2
28.70 245.63 28.50 2
27.31 245.00 -2.10 2
38.23 255.17 22.32 2
29.08 249.76 36.33 2
20.39 246.91 12.31 2
28.21 256.43 -6.75 2
26.85 242.51 -1.16 2
18.27 254.81 -31.33 2
25.86 262.12 -9.62 2
28.45 246.41 -14.87 2
26.54 252.14 -36.32 2
23.65 253.46 9.41 2
20.33 254.93 15.70 2
23.18 240.40 -9.72 2
27.77 252.44 6.49 2
34.54 251.91 9.63 2
25.31 242.33 -23.61 2
32.66 245.38 20.47 2
26.41 250.57 6.49 2
19.52 255.38 -27.26 2
39.63 250.49 -35.04 2
20.97 254.81 19.53 2
31.64 249.68 -28.16 2
34.34 252.59 25.32 2
21.37 241.24 51.22 2
23.75 245.50 34.86 2
24.00 254.71 20.36 2
35.71 261.93 22.51 2
21.59 241.09 17.10 2
21.12 247.54 -22.40 2
34.13 251.63 -23.51 2
26.37 243.03 16.93 2
27.92 248.02 55.07 2
39.22 249.50 14.05 2
29.39 245.29 -8.24 2
27.05 249.47 51.96 2
23.11 250.72 -13.01 2
29.77 250.26 13.16 2
25.03 238.07 -16.22 2
17.95 249.28 10.63 2
25.13 240.76 30.30 2
24.41 257.94 -5.88 2
25.33 246.82 1.79 2
31.90 255.21 -8.25 2
21.31 255.72 20.26 2
31.67 244.19 -1.79 2
21.77 246.09 -17.97 2
20.18 247.93 -17.49 2
39.10 251.92 -15.28 2
26.86 239.73 -0.27 2
22.52 248.25 18.08 2
29.71 245.07 -7.01 2
28.30 253.49 6.33 2
30.55 246.74 19.38 2
31.31 250.45 19.99 2
31.95 252.94 -4.11 2
15.42 248.29 -15.30 2
28.43 249.63 0.15 2
27.59 249.37 -44.81 2
32.08 251.77 19.04 2
22.00 255.87 19.37 2
27.09 240.30 -14.33 2
25.19 251.54 19.31 2
25.59 248.00 -3.51 2
32.57 251.16 -27.21 2
28.61 242.57 10.15 2
30.39 252.83 4.91 2
20.62 246.15 -26.87 2
25.85 250.62 -44.08 2
26.71 242.00 7.78 2
22.98 249.97 27.00 2
31.68 254.71 18.58 2
23.75 254.12 -24.29 2
17.20 244.24 26.91 2
30.15 248.05 -11.02 2
38.65 252.90 -35.81 2
30.86 252.23 36.10 2
36.84 250.66 -61.51 2
31.46 240.77 -27.07 2
26.27 241.22 -16.90 2
31.07 249.79 5.60 2
36.32 249.25 4.46 2
33.47 248.56 3.19 2
37.16 252.27 -12.69 2
21.08 254.05 -15.55 2
24.03 253.00 -17.07 2
31.49 252.70 9.24 2
21.21 244.17 -25.41 2
29.38 246.02 -10.57 2
26.76 246.95 52.68 2
28.35 256.80 -11.27 2
28.97 243.27 -10.40 2
27.35 247.99 -34.71 2
25.44 251.32 9.10 2
28.14 254.14 5.41 2
25.80 257.68 -9.52 2
30.09 252.50 -1.32 2
35.10 254.20 1.56 2
37.55 244.78 -4.49 2
23.73 244.11 17.09 2
24.11 258.06 -9.76 2
34.21 249.64 -35.15 2
19.64 246.98 23.73 2
31.88 247.06 -4.02 2
21.92 245.96 17.19 2
25.82 241.96 -5.81 2
20.91 247.22 39.73 2
28.09 241.58 9.76 2
22.21 255.91 -11.80 2
29.13 253.45 -16.48 2
31.85 249.98 -16.55 2
37.00 252.57 -0.82 2
26.73 242.43 -25.15 2
27.47 241.79 4.71 2
24.66 244.29 33.28 2
36.84 253.52 22.11 2
33.17 255.58 8.75 2
17.05 246.29 -7.71 2
28.41 248.88 -3.66 2
30.72 251.17 -31.24 2
31.13 257.94 5.45 2
25.66 242.56 22.04 2
24.18 246.66 -39.59 2
24.35 248.53 11.98 2
26.22 245.21 -8.49 2
29.47 245.17 -38.99 2
26.10 251.87 21.36 2
29.99 255.18 2.89 2
23.16 246.29 37.82 2
34.06 250.81 23.85 2
22.86 244.15 34.74 2
17.14 257.68 -6.91 2
35.20 246.50 -15.87 2
30.72 258.13 17.13 2
27.50 247.96 -17.87 2
38.39 245.77 -5.46 2
26.02 249.15 -21.81 2
31.03 247.32 -11.27 2
35.75 249.33 -32.57 2
26.23 243.93 8.71 2
29.31 251.88 7.35 2
29.05 254.25 -4.73 2
26.08 245.44 30.98 2
22.07 249.86 10.93 2
28.58 248.04 2.24 2
25.78 255.02 -27.20 2
27.35 250.22 -38.01 2
27.56 235.35 30.06 2
21.55 254.56 15.96 2
33.67 258.49 -21.22 2
29.32 239.61 6.33 2
28.38 245.32 -8.48 2
25.25 250.44 -34.15 2
24.13 250.72 -10.56 2
36.68 249.13 -1.45 2
29.19 252.49 -1.98 2
25.46 248.70 -21.52 2
26.86 254.80 16.18 2
27.27 254.66 6.20 2
21.58 249.85 13.36 2
26.19 256.12 -10.34 2
26.28 243.18 0.64 2
18.00 255.10 2.16 2
28.00 250.75 -14.73 2
26.81 250.56 -2.74 2
26.94 248.28 -9.62 2
33.25 255.62 20.65 2
22.91 259.59 -7.20 2
28.77 253.67 32.52 2
27.26 254.27 -3.99 2
25.10 247.08 -11.64 2
27.47 251.36 30.00 2
31.46 252.83 -5.80 2
28.06 249.37 0.84 2
22.38 244.04 -25.33 2
27.24 256.21 0.37 2
21.46 247.52 -2.00 2
27.45 245.56 -62.14 2
21.46 255.46 -16.18 2
30.10 251.59 4.18 2
36.94 244.03 8.84 2
21.36 245.85 -1.13 2
20.69 248.00 33.82 2
19.36 247.43 4.12 2
18.86 244.54 22.72 2
21.73 245.14 0.40 2
33.34 247.42 -1.61 2
34.69 251.38 22.33 2
28.60 248.77 -6.74 2
27.57 244.37 -1.49 2
32.07 250.81 10.32 2
27.11 250.76 -11.81 2
24.16 254.56 -12.45 2
29.61 253.01 32.76 2
27.37 249.92 -6.32 2
31.10 243.77 20.38 2
30.18 248.31 -15.79 2
35.86 251.40 4.43 2
21.17 247.22 19.41 2
26.00 247.04 -32.54 2
27.37 249.10 24.67 2
18.52 245.76 11.48 2
19.54 250.07 -4.43 2
32.58 246.19 -15.91 2
29.36 255.37 49.91 2
29.96 248.05 20.41 2
37.30 237.98 -8.17 2
31.23 247.04 22.49 2
29.52 251.44 23.67 2
20.51 244.77 8.50 2
29.83 253.06 -13.74 2
28.83 249.89 12.70 2
29.85 241.62 25.35 2
26.63 242.96 40.20 2
28.98 241.04 -6.03 2
30.31 259.78 -34.28 2
21.64 251.59 -5.09 2
20.89 246.62 23.55 2
21.51 253.61 -10.93 2
37.14 257.52 -0.84 2
38.15 248.22 -26.72 2
28.08 254.47 18.38 2
36.45 253.95 -20.61 2
26.63 235.11 10.91 2
29.99 242.01 23.54 2
30.10 252.43 -11.22 2
21.99 247.09 24.18 2
22.37 253.89 29.82 2
29.68 248.80 -39.48 2
27.83 248.50 5.13 2
33.53 249.92 -21.48 2
24.56 247.41 -13.04 2
31.21 254.32 -11.88 2
30.10 242.71 5.45 2
18.17 249.41 -0.81 2
28.39 246.95 4.71 2
27.28 247.31 -24.41 2
33.17 257.74 6.87 2
27.49 245.36 -21.44 2
27.06 245.81 -7.36 2
23.79 251.66 -15.01 2
31.92 243.36 -14.51 2
31.39 243.17 -4.66 2
30.86 246.75 28.06 2
27.56 247.80 -9.04 2
28.23 243.63 16.49 2
23.10 252.63 -13.37 2
30.26 250.55 -24.00 2
21.82 253.70 -7.73 2
34.75 251.47 6.22 2
20.85 256.43 -11.21 2
26.43 247.60 36.32 2
24.71 250.93 14.68 2
27.37 247.05 28.77 2
28.20 248.07 -5.67 2
27.36 246.83 21.05 2
24.67 258.71 -8.70 2
22.47 252.10 16.08 2
34.33 251.26 -14.37 2
33.03 244.96 -7.41 2
24.25 250.86 23.11 2
22.02 244.51 1.45 2
32.79 246.59 8.91 2
30.25 245.78 -12.74 2
16.56 255.70 9.25 2
34.12 251.78 16.96 2
32.93 244.62 -7.10 2
32.74 246.86 6.98 2
32.09 245.62 2.85 2
26.91 253.34 -6.41 2
24.93 244.53 9.64 2
35.62 256.31 -19.20 2
29.17 244.17 33.75 2
30.23 252.04 -13.13 2
21.77 244.56 23.05 2
28.95 245.44 41.54 2
23.38 240.83 0.29 2
29.17 250.46 0.04 2
27.21 248.34 36.51 2
25.01 241.42 2.84 2
22.61 247.48 -11.73 2
26.52 251.53 2.95 2
28.20 251.39 -2.82 2
30.18 240.73 -11.09 2
29.59 252.55 2.83 2
25.12 240.59 -2.85 2
17.86 240.74 13.04 2
19.86 250.23 -13.37 2
25.25 248.12 22.22 2
30.75 249.37 -15.84 2
29.22 250.78 -1.49 2
26.80 249.25 -9.09 2
32.52 250.88 22.70 2
32.53 241.98 -13.21 2
23.58 248.95 30.17 2
32.20 252.55 26.50 2
21.34 241.03 16.20 2
19.53 249.10 27.70 2
27.46 242.30 12.27 2
39.44 255.27 -26.18 2
24.44 248.85 27.12 2
25.62 251.15 2.90 2
31.25 242.18 3.68 2
32.25 254.45 1.01 2
19.04 251.99 -2.89 2
28.63 249.37 -32.24 2
27.98 248.66 -14.58 2
20.85 251.93 -0.24 2
24.92 259.04 -0.23 2
37.21 244.86 6.00 2
28.71 242.46 8.38 2
24.90 242.00 14.87 2
33.52 241.12 -13.07 2
21.98 253.23 3.89 2
30.62 247.76 -12.85 2
38.00 251.38 -11.25 2
32.28 252.64 -27.84 2
27.39 247.59 12.65 2
22.12 245.97 -31.06 2
30.49 253.40 20.46 2
28.20 256.16 -25.94 2
21.44 252.19 -28.09 2
28.13 245.25 -9.14 2
37.43 253.88 17.11 2
32.58 241.44 -9.67 2
23.10 251.13 1.11 2
40.57 248.57 19.46 2
31.85 251.14 36.00 2
27.29 247.17 -0.22 2
32.24 241.96 -1.66 2
35.62 254.89 17.28 2
25.03 250.85 1.94 2
34.55 245.58 13.57 2
26.39 246.49 -9.42 2
27.66 254.07 -10.16 2
25.18 254.76 -16.86 2
20.07 248.25 -13.32 2
31.09 256.75 4.30 2
24.41 244.39 -25.64 2
14.79 240.42 -30.18 2
27.89 243.12 -20.20 2
27.65 251.00 -11.42 2
26.16 242.81 14.90 2
30.15 246.74 -9.65 2
25.96 248.76 9.27 2
27.42 254.42 30.68 2
24.94 240.17 2.66 2
25.93 249.23 9.38 2
17.90 247.93 -16.18 2
32.60 257.18 -43.41 2
30.40 252.01 -7.82 2
23.65 256.37 -6.08 2
30.00 249.48 2.34 2
26.82 241.99 -16.35 2
20.81 244.89 2.96 2
24.36 254.97 10.16 2
33.19 246.41 -6.88 2
26.46 246.65 -0.58 2
29.68 244.69 14.45 2
23.21 248.02 7.99 2
30.98 240.44 39.44 2
31.13 241.84 42.34 2
36.11 251.84 -3.97 2
26.93 254.00 -2.17 2
18.21 244.47 16.28 2
38.83 240.44 -12.21 2
33.04 246.30 11.92 2
33.91 246.38 -7.65 2
29.48 242.33 -0.28 2
27.81 242.71 16.41 2
33.68 248.52 24.92 2
19.29 244.26 -35.72 2
28.32 247.24 46.94 2
27.63 248.58 -22.65 2
31.58 247.91 39.45 2
28.51 255.50 1.91 2
32.89 251.69 0.45 2
28.31 249.58 -0.02 2
22.09 250.46 -15.19 2
22.98 254.79 -16.05 2
32.66 243.32 33.24 2
24.18 255.24 -3.54 2
25.99 251.48 -20.62 2
35.37 246.39 13.55 2
20.20 249.94 -4.26 2
26.51 254.57 24.19 2
30.56 249.30 -22.51 2
34.23 245.67 4.19 2
39.03 258.04 23.29 2
21.14 256.09 0.11 2
29.92 243.60 -1.23 2
29.84 246.18 23.64 2
28.89 241.11 -8.62 2
26.16 256.51 14.23 2
26.07 256.17 -11.50 2
28.38 256.31 6.28 2
35.05 243.68 9.21 2
14.20 252.63 -23.98 2
23.84 247.32 1.69 2
25.26 253.54 7.63 2
16.35 247.43 -3.03 2
33.40 257.25 -7.54 2
22.04 245.75 11.64 2
31.70 247.80 -5.04 2
26.63 252.18 -16.00 2
25.29 244.53 -15.76 2
28.53 253.83 -16.17 2
20.31 253.08 -41.78 2
23.47 251.53 47.68 2
20.13 249.44 33.03 2
27.02 252.27 -14.69 2
26.60 242.54 1.51 2
28.71 250.00 18.32 2
27.85 249.19 12.01 2
22.96 249.45 -7.08 2
35.14 253.81 31.70 2
21.75 250.49 0.71 2
27.94 252.18 2.51 2
26.77 252.19 -7.15 2
19.42 241.27 -15.59 2
29.68 252.90 -5.28 2
22.82 251.60 7.43 2
37.91 242.45 15.38 2
37.74 251.29 -14.58 2
27.54 256.27 -19.02 2
16.81 253.12 8.71 2
21.04 245.37 -27.96 2
30.64 250.63 -4.61 2
25.28 245.29 -1.03 2
31.11 247.46 -28.21 2
29.07 236.90 2.16 2
24.38 251.25 -4.38 2
18.11 246.77 -7.88 2
29.21 251.75 34.22 2
21.84 256.46 10.86 2
22.38 248.55 -10.88 2
24.50 240.48 20.17 2
18.55 242.29 27.03 2
27.23 260.21 -16.22 2
19.57 252.41 -25.30 2
30.80 253.78 -19.22 2
32.26 257.02 22.55 2
26.49 245.20 0.93 2
24.79 245.61 -28.98 2
30.00 248.51 23.89 2
26.93 246.26 -4.23 2
23.59 247.87 -18.83 2
26.48 253.30 39.19 2
20.80 240.68 -19.73 2
29.25 242.38 -6.16 2
32.85 259.05 6.67 2
20.99 250.44 2.81 2
20.60 244.27 -13.57 2
24.85 250.64 4.10 2
32.17 247.79 12.11 2
24.03 249.25 1.75 2
32.17 249.82 20.71 2
35.02 249.56 25.27 2
25.57 241.44 -7.36 2
26.69 255.95 -24.00 2
26.26 244.65 -14.91 2
29.95 255.13 7.80 2
33.54 257.06 0.96 2
28.67 241.99 4.81 2
32.76 240.48 -7.38 2
35.87 249.50 -12.35 2
31.07 258.40 1.06 2
22.50 249.64 23.55 2
25.36 253.32 -31.17 2
28.12 248.95 -5.14 2
31.54 238.21 23.63 2
29.46 252.74 10.39 2
34.12 247.44 14.41 2
26.70 243.26 -1.85 2
26.85 245.48 -0.25 2
20.11 247.06 26.28 2
30.09 245.08 27.21 2
32.98 253.13 11.47 2
28.51 249.56 -13.71 2
31.40 243.38 -10.79 2
25.83 246.76 -33.81 2
24.43 250.49 29.58 2
28.94 248.57 16.44 2
31.74 245.90 -23.52 2
34.27 247.34 -12.51 2
26.99 245.85 -8.50 2
23.89 240.65 -4.22 2
23.38 254.80 -25.01 2
20.68 256.15 -34.55 2
33.01 248.57 -5.41 2
21.91 241.10 7.37 2
27.19 255.78 -11.47 2
23.18 243.96 14.58 2
19.19 242.76 -21.17 2
27.87 253.63 -36.24 2
30.88 248.01 3.14 2
24.07 255.46 -1.09 2
25.04 252.93 22.46 2
24.10 241.72 4.67 2
42.79 243.55 -6.35 2
20.35 256.43 -14.37 2
28.95 247.23 12.79 2
26.03 255.58 10.50 2
32.90 256.09 3.72 2
26.88 249.65 28.27 2
24.82 253.24 24.24 2
25.07 255.11 33.55 2
23.96 245.42 -27.11 2
31.48 248.10 6.22 2
22.41 249.05 0.69 2
27.97 253.62 -25.03 2
32.65 244.67 13.51 2
15.61 250.08 -24.39 2
20.94 247.14 26.21 2
30.54 242.46 -13.96 2
29.17 255.44 54.16 2
25.38 242.92 -27.24 2
31.31 254.44 -12.40 2
32.86 249.64 -1.28 2
34.09 240.78 -1.31 2
19.65 255.71 15.08 2
22.20 244.29 -10.95 2
22.09 246.73 -22.20 2
21.90 250.13 -19.38 2
26.70 251.08 -29.91 2
33.11 246.29 -17.16 2
23.12 252.48 -9.80 2
27.78 246.63 -4.01 2
21.78 246.19 36.48 2
26.70 242.82 -21.83 2
21.87 247.98 -14.90 2
20.20 250.25 3.34 2
26.51 260.81 7.46 2
29.34 245.72 2.23 2
26.28 247.29 17.31 2
33.41 241.42 6.80 2
21.40 255.00 -23.73 2
25.36 254.72 13.03 2
33.07 245.53 -40.07 2
27.08 245.68 29.32 2
37.67 253.85 -34.22 2
23.75 244.62 9.07 2
27.02 249.73 20.41 2
22.90 248.19 14.51 2
37.49 257.86 -4.34 2
27.95 241.93 9.86 2
29.20 254.63 -17.98 2
27.32 251.24 1.59 2
25.18 249.37 23.29 2
31.33 249.82 -22.23 2
18.44 248.95 -17.03 2
